logFC	AveExpr	t	P.Value	adj.P.Val	B
HexCER d18:1/20:0	1.94459554400431	-2.24708020527937	6.69705246397074	1.51239786772035e-06	0.000854504795262	5.25717357805369
TG 52:8-FA16:1	1.09570796629708	-2.62845726989541	4.81419405364663	0.000102017943116927	0.0135651356439679	1.42788186670769
CE 24:0	1.64629820517321	4.61340406542474	4.81294598768066	0.000102314847064866	0.0135651356439679	1.4252094920131
CE 20:1	1.57071560086135	2.04044736373997	4.67178717471801	0.000142217288974995	0.0135651356439679	1.12226790066313
HexCER d18:1/22:1	1.35679314673962	-1.78521719587432	4.64534021661394	0.000151287065543603	0.0135651356439679	1.06536976014337
CE 17:0	1.13437833378769	1.97255705054376	4.57975861210191	0.00017637941665511	0.0135651356439679	0.924109897755867
SM d18:1/26:1	1.20011300778447	0.931384773502241	4.55235838384591	0.000188069818068236	0.0135651356439679	0.865025796623047
CE 22:2	1.56081778494443	3.11523889151937	4.543369473589	0.000192072717082732	0.0135651356439679	0.845634911478956
TG 54:8-FA22:6	-1.00014880336745	1.40530631019448	-4.46304003979846	0.000231882477544075	0.0139651635537734	0.672193244522677
TG 58:10-FA22:6	-1.17215645173962	3.09313697818369	-4.4194692039321	0.000256850778741922	0.0139651635537734	0.578015290048201
TG 53:2-FA18:1	0.960767211454894	2.08237899200818	4.39523962636019	0.000271888139984969	0.0139651635537734	0.525616757754564
TG 53:2-FA16:0	1.02959000304868	1.41211695237091	4.3352982733078	0.000313003606877971	0.0147372531571711	0.395920089695977
SM d18:1/26:0	1.06546475223527	-0.0417627587734303	4.23569710851646	0.000395593643914517	0.0161301708079834	0.180256763581152
TG 58:9-FA22:5	-0.928768239904838	0.0417448519010049	-4.2313216510413	0.000399685648339412	0.0161301708079834	0.170779943953511
TG 55:3-FA18:1	0.898010348757427	1.05771471056588	4.17401416874905	0.000457364396222748	0.0172273922577235	0.0466487425584008
TG 51:0-FA18:0	1.05359114708165	-2.07506970185945	4.12440587474057	0.000513981979025133	0.0175166097262998	-0.060804888038211
TG 53:1-FA18:1	1.13229430402663	-0.105713985425541	4.09718007529553	0.000547980793530801	0.0175166097262998	-0.119770135864598
CE 18:0	1.06622662862078	2.98985623602941	4.08943937641498	0.000558051283315746	0.0175166097262998	-0.136533371399405
CE 22:4	1.3175484835233	0.146852929234237	3.99293950464395	0.000700249174734256	0.0189111281255194	-0.345425816840454
TG 56:8-FA16:0	-0.935247819159035	2.99871525712892	-3.98275790565873	0.000717217048296804	0.0189111281255194	-0.367453214854864
TG 58:10-FA22:5	-0.891155969553689	-1.10719564629517	-3.9779723748638	0.000725333242385217	0.0189111281255194	-0.377805439160083
TG 54:4-FA18:0	-1.08688429695927	2.70347814477025	-3.97155406614066	0.000736362511082172	0.0189111281255194	-0.391688659097901
TG 54:8-FA18:3	-1.09959699916153	-0.162059416160574	-3.84353150627462	0.000994793255537853	0.0228770918173914	-0.668284906069658
CE 24:1	1.33170063287772	2.31216109157873	3.83234414443476	0.00102126561479384	0.0228770918173914	-0.692419813824241
TG 52:6-FA16:0	-0.864893096388164	0.138358343730438	-3.80428605053746	0.00109077638115063	0.0228770918173914	-0.752920092126722
TG 56:8-FA22:6	-0.892949903000429	5.54205824659098	-3.79590794795706	0.00111242841402426	0.0228770918173914	-0.770976505263882
TG 55:1-FA16:0	-0.887187013356806	2.88075614915461	-3.79488878529837	0.00111509122479204	0.0228770918173914	-0.773172706706599
CE 20:0	1.18246345479618	5.14235518373891	3.78782113769593	0.00113373198387073	0.0228770918173914	-0.788401082476287
TG 54:3-FA18:1	0.979153995974469	6.50793899938919	3.72616958226771	0.00131000790377696	0.0255225677804822	-0.921100475181154
TG 58:8-FA18:2	-0.83172665203671	0.819026275071615	-3.69476418026028	0.00140998113280732	0.0257727736162489	-0.988593183572636
TG 52:3-FA16:1	1.07183860165115	4.98940804678193	3.67872611614956	0.00146391115120573	0.0257727736162489	-1.02303047261861
TG 49:1-FA16:1	0.808914535915022	-2.24931349570102	3.65571046589846	0.00154488648095126	0.0257727736162489	-1.07241301444467
TG 52:6-FA22:6	-0.794858331141419	-0.895935665648779	-3.65451145684676	0.00154922418326153	0.0257727736162489	-1.07498437886961
CE 22:1	1.06365352883028	0.175790033090165	3.65404141088742	0.00155092796982737	0.0257727736162489	-1.07599239345473
CE 14:1	1.23654020882925	-0.393624676165755	3.62773707741535	0.00164928375761631	0.0257810986309323	-1.13237087962087
TG 54:5-FA18:0	-1.01650145861321	0.119807317571801	-3.62734943373869	0.00165077834481286	0.0257810986309323	-1.13320125468618
TG 55:2-FA18:1	0.827975778536358	0.241520905163642	3.61772453071918	0.00168831973335309	0.0257810986309323	-1.15381437859428
TG 50:4-FA14:0	-0.989860597829112	1.1822345976539	-3.59099849441763	0.0017970392675286	0.0267191364777279	-1.21100583930174
LPC 20:0	0.858750070584628	0.802161185576437	3.55300789074147	0.00196356078634481	0.0280318209598374	-1.29217953185127
TG 56:8-FA18:2	-0.804285410732795	3.10386943995114	-3.5412512335366	0.00201810912108496	0.0280318209598374	-1.31726897482145
TG 53:1-FA18:0	0.951146131364997	-1.32267490583735	3.53784981050985	0.00203416753867847	0.0280318209598374	-1.32452502150089
TG 54:7-FA18:2	-0.997639537789889	3.12629990613599	-3.52517514501145	0.00209512151339198	0.0281843727396779	-1.35155183564428
TG 51:3-FA16:1	0.872766541971528	0.321762353750424	3.51283810697925	0.0021561775554596	0.0282077566707162	-1.37784134213982
TG 53:1-FA17:0	0.855364593300971	-2.45879128337019	3.50483649654323	0.00219671025400268	0.0282077566707162	-1.39488296151156
TG 51:1-FA16:0	0.961100283261207	0.696718953860988	3.49347776507376	0.00225553892895947	0.0283195443302688	-1.41906162122028
TG 50:5-FA14:0	-1.0272162492292	-1.37027800927959	-3.46104260318036	0.00243218657438641	0.029873595968007	-1.48801875275556
TG 51:0-FA16:0	0.88619422072138	-0.264716016952354	3.43252271935872	0.00259869260043638	0.0312396025371607	-1.54854272529053
TG 60:10-FA22:6	-1.02653605299914	-0.149406780313192	-3.41033990963985	0.00273589050403375	0.0322037111412306	-1.59554433336397
TG 55:4-FA18:1	0.874088313214184	1.00377645208148	3.38255967790987	0.00291775815623808	0.0336435379239697	-1.6543106369114
TG 53:1-FA16:0	0.810608171108759	0.267260754081919	3.3643747066054	0.00304317005251365	0.0337215375050565	-1.69271965841395
TG 56:9-FA18:3	-0.751304448155888	-0.43190702197333	-3.36049591763517	0.00307059521312232	0.0337215375050565	-1.70090591877483
TG 51:1-FA18:1	1.08910744318343	0.513199786155396	3.35587617808445	0.00310357513320874	0.0337215375050565	-1.71065306572267
TG 54:7-FA18:3	-1.06584630984214	2.074815299954	-3.3407474724536	0.00321402275279829	0.0342626953836044	-1.74255062230165
SM d18:1/20:1	0.835583594347735	0.389070621749782	3.32638350591059	0.00332244132458966	0.0343667264847383	-1.77280354218377
TG 54:6-FA18:2	-1.11926234766714	5.10606968139252	-3.32339632875729	0.0033454335516117	0.0343667264847383	-1.77909102847812
TG 50:5-FA18:3	-0.789462465828901	-0.691656979469665	-3.30733129720858	0.00347177869991852	0.0350277672402493	-1.81288105216567
TG 58:7-FA18:0	-0.71286822393961	-0.931744914376481	-3.27964469653552	0.00370054798820523	0.0366808704094027	-1.87101765357631
TG 56:6-FA18:3	-0.797104538498755	-0.930301938556498	-3.25934193291394	0.00387759243585928	0.0367977732011926	-1.91356886893875
TG 53:4-FA20:4	0.827146460067993	-2.43853944415859	3.25716587160852	0.00389705139408605	0.0367977732011926	-1.918125383374
TG 51:2-FA16:1	0.775901197536547	-0.877277987583427	3.25597640905393	0.00390772812756028	0.0367977732011926	-1.92061568846725
PC 18:0_20:0	0.764034371562514	1.62699219461415	3.23131291912237	0.0041356467561094	0.0383055806098657	-1.97219677144878
HexCER d18:1/22:0	0.770973642144486	-0.110254990954272	3.19986708441193	0.00444508888182255	0.0400973279217928	-2.03780523696724
PI 18:0_20:3	0.859543338509221	2.53592595247564	3.19732859247567	0.00447102948508486	0.0400973279217928	-2.04309365071635
TG 52:5-FA16:0	-0.748506003340989	3.30511436627351	-3.17270401089024	0.00473042958732078	0.0417608237005663	-2.09433107113763
TG 52:7-FA16:0	0.81492829003902	-0.500650137136163	3.12411266442301	0.00528588326758107	0.0459465237874354	-2.19509267048776
TG 54:1-FA20:0	0.954892949893761	2.04031418357166	3.10672131774127	0.00549966741560912	0.0464552221063666	-2.23104091351251
TG 49:0-FA16:0	0.930258618085968	-0.0353872442221693	3.10598912931327	0.00550884934712666	0.0464552221063666	-2.23255299000463
TG 54:6-FA22:6	-0.674401873081983	1.68195537506166	-3.08582208131602	0.00576767183893689	0.0478728031799158	-2.27415668660493
TG 51:2-FA16:0	0.717150564782722	2.35834540365283	3.07853761927504	0.00586402448559784	0.0478728031799158	-2.28916298363466
TG 56:3-FA16:0	-0.827350319228063	-1.07234392533755	-3.07353141064714	0.00593114375680373	0.0478728031799158	-2.29946937139555
TG 46:2-FA18:2	-0.708773562648994	-2.62860271092923	-3.03150564427216	0.00652466604118396	0.0505102166287552	-2.38577175409988
TG 54:7-FA22:6	-0.661824068998123	2.84324697770879	-3.02631830979878	0.00660178914635264	0.0505102166287552	-2.39639682196237
TG 58:9-FA18:2	-0.837266713389641	1.77314369829577	-3.02270785180466	0.00665598671511589	0.0505102166287552	-2.40378839236144
TG 56:9-FA22:6	-0.789490202657016	3.19793937580847	-3.02258343881273	0.00665786194843776	0.0505102166287552	-2.40404304570209
TG 52:2-FA18:1	0.806289498417308	7.58062106725802	3.01488534051769	0.00677489007378779	0.0505102166287552	-2.41979288342799
PC 18:1_20:0	0.766800027690955	0.798374819088271	3.01362133040499	0.00679429462616884	0.0505102166287552	-2.4223776628529
TG 58:10-FA18:2	-0.798539770679267	1.65225331154515	-2.99417114543084	0.00709973288757504	0.052095442616622	-2.46210441275307
TG 50:3-FA18:3	-0.934799966488129	0.319727447386584	-2.98492914341888	0.00724946579750898	0.0525121560973407	-2.48094979297185
TG 54:8-FA18:2	-0.692276900493146	0.533202264506787	-2.96029498229875	0.00766358580825606	0.054809189641325	-2.53108092938887
TG 52:6-FA18:2	-0.676003866789862	1.46545030334086	-2.9451469212448	0.00792944616539147	0.0555418777010357	-2.5618337943462
TG 53:3-FA16:0	0.936020355034976	1.43884139191534	2.94328999016691	0.00796264087395379	0.0555418777010357	-2.56559972005027
TG 55:5-FA20:4	0.65541958937577	-1.8489807456976	2.93308938535761	0.00814738471309928	0.0557441332751915	-2.58627148529997
TG 53:2-FA17:0	0.618049809913525	0.420489446841172	2.92673044984099	0.00826462941294982	0.0557441332751915	-2.59914470926392
TG 48:3-FA18:3	-0.851001495254426	-2.27521762436178	-2.92549351550199	0.00828762335418777	0.0557441332751915	-2.60164760211567
TG 56:6-FA20:2	-0.691779822789052	-0.697713659191514	-2.91868430050854	0.00841530763852244	0.0559370448913551	-2.61541880419999
LPC 20:3	0.758579711029077	3.07315384127045	2.88889226209045	0.00899651284557983	0.0587864473898419	-2.67553004861309
TG 56:2-FA20:0	0.682419401071744	0.81920394557485	2.88614176267706	0.00905207242994026	0.0587864473898419	-2.68106796320878
TG 60:11-FA22:6	-0.775974619350652	0.605357589672864	-2.86254931450059	0.00954233713394351	0.0612661418258873	-2.72848630140383
TG 58:7-FA16:0	-0.688627165719253	-0.715072453302526	-2.85474372016899	0.00971006921605842	0.0616425742367754	-2.74414153036128
LPC 18:1	0.698710167044156	5.73576002702388	2.84086234348165	0.0100153581410397	0.0628741927743047	-2.77194120252232
TG 46:0-FA14:0	-0.812717063129322	-2.06044964436404	-2.81556391888956	0.0105955018064589	0.065240147724026	-2.82246686130226
TG 56:6-FA18:0	-0.599071754563161	-0.378095247185921	-2.81439053724853	0.0106231744966556	0.065240147724026	-2.82480592486096
TG 54:7-FA22:5	-0.609664600456659	-1.10205286969135	-2.80829957772132	0.0107679346772563	0.0654180977704283	-2.83694154311535
TG 52:2-FA16:0	0.740398202918523	6.84562401378791	2.79366551811541	0.0111234715097865	0.0668591638620149	-2.86605470626998
SM d18:1/14:0	0.680099014526899	-0.558190807856329	2.77805894652995	0.0115149663489203	0.0678416979748161	-2.89703376415
TG 58:9-FA22:6	-0.787789051913274	4.22979394130333	-2.7775839654526	0.0115270849656325	0.0678416979748161	-2.89797547688696
TG 58:7-FA18:2	-0.617000011885519	-0.969879098977158	-2.74778561011513	0.0123121302008516	0.0717149851905274	-2.95691981302129
TG 56:5-FA20:1	-0.761607000587029	1.2050861716123	-2.73353760548012	0.0127052363160504	0.0732495767200867	-2.98500875143238
TG 52:5-FA22:5	-0.620062668712972	-1.66035121995605	-2.72598650486683	0.012918382619526	0.073726123030628	-2.9998698532862
TG 48:2-FA18:2	-0.873258164885564	0.868961155977179	-2.70051695400722	0.0136626467488172	0.0764334157402545	-3.04986423957888
TG 52:7-FA22:6	-0.582284226748462	-1.57882678180258	-2.69628200472608	0.0137902793118452	0.0764334157402545	-3.05815715959339
TG 52:5-FA18:3	-0.618166000312371	3.68185563648299	-2.69600724509689	0.0137985989477982	0.0764334157402545	-3.05869499886694
TG 57:3-FA18:2	-0.7242959896361	1.54297543448227	-2.68598292382463	0.0141054079317244	0.0769322236887779	-3.07830095702812
TG 54:6-FA18:3	-0.611477276635376	3.14769106277563	-2.68133727113636	0.0142497778590333	0.0769322236887779	-3.08737612940834
TG 56:7-FA18:3	-0.596243936496544	-1.27015837311279	-2.67982296218434	0.0142971389156136	0.0769322236887779	-3.0903327863228
TG 50:0-FA16:0	-0.716853707378052	0.346317180938666	-2.66504299896166	0.014767289875717	0.07871244131868	-3.11915113433155
PC 18:1_20:4	0.690022576720987	4.28781116168601	2.64717662802254	0.0153551642056433	0.0810810072540979	-3.15389145953234
DG 18:1_18:1	0.906032365863112	0.84134058253685	2.64092248314674	0.0155661302291826	0.081433922032298	-3.16602723982602
TG 50:5-FA18:2	-0.661632493406693	-0.667176560341712	-2.62679649617789	0.0160527556500586	0.0832092380025972	-3.19338937074731
TG 54:4-FA18:3	-0.649607233048781	-0.0262887263286716	-2.59650330734704	0.0171451720627438	0.0880638383222751	-3.25183753173371
TG 49:0-FA18:0	0.703130383396754	-2.47016147971273	2.58642674824236	0.0175238219877631	0.0889518039589776	-3.2712087811414
SM d18:1/18:1	0.723105846410297	0.0670205161106319	2.58069247958265	0.0177428026011425	0.0889518039589776	-3.28221642983732
TG 56:8-FA22:5	-0.61085977645187	0.63794853830162	-2.57945592278486	0.0177903607917955	0.0889518039589776	-3.28458863198072
TG 54:3-FA16:1	0.693010829184987	0.730382975611364	2.56499963962696	0.0183553249879173	0.0909715668260812	-3.31228111511669
TG 58:8-FA22:5	-0.612103989218714	1.16028276110808	-2.55886903328624	0.0185999736411482	0.0913824791934675	-3.32400232745436
TG 52:5-FA20:5	-0.72955617531508	0.0366907106552662	-2.55136138746861	0.0189037499414626	0.0920742992838481	-3.33833785384691
PC 16:1_18:0	0.640025560259336	-0.336334449913519	2.52970177151342	0.0198064692368192	0.0955287261397611	-3.37958085362915
PI 18:1_20:4	0.627166032998443	1.88152606673138	2.52444724278903	0.0200314816263301	0.0955287261397611	-3.38956021099814
TG 56:5-FA18:2	-0.673118337907056	2.00971054642466	-2.52239045525378	0.0201202095763391	0.0955287261397611	-3.39346365624299
TG 52:2-FA18:2	-0.759589636448615	2.13649482421962	-2.5178442347854	0.0203176383331797	0.0956622138187209	-3.40208605184152
PC 18:1_20:3	0.673895281376246	2.58989287503952	2.51147813228318	0.0205971519728041	0.0961767840052424	-3.41414707857571
TG 53:2-FA18:2	0.938579239390283	0.927517303332439	2.50178098327141	0.0210298510126937	0.0973923428046882	-3.43248975726879
TG 56:7-FA18:2	-0.564408797559481	2.22923934755168	-2.49654028826539	0.0212672253332954	0.0976909131163571	-3.44238802805753
TG 50:3-FA14:1	0.670712067922778	-1.99573276830171	2.48805432317013	0.0216569156626027	0.09822864612767	-3.45839360475827
TG 47:1-FA16:0	0.576167418072647	-1.72443112647447	2.48643567043247	0.0217320013556792	0.09822864612767	-3.46144346157303
TG 56:7-FA22:5	-0.559668519814395	2.72800354911449	-2.47131009906325	0.0224455003446096	0.100648473767496	-3.48989430985635
TG 52:6-FA18:3	-0.548449226751874	1.46044903215415	-2.45405300220356	0.023286244189441	0.103165266671799	-3.52224612597372
PC 18:0_20:3	0.679400037303104	4.28376033186881	2.45155442380351	0.0234103788901907	0.103165266671799	-3.52692053878758
TG 52:8-FA18:2	-0.666474054629357	-2.66912121664987	-2.44439848103963	0.0237693241650413	0.103165266671799	-3.54029446213875
TG 56:6-FA22:6	-0.647149661764635	-0.660310214505308	-2.44426117863126	0.0237762612121642	0.103165266671799	-3.54055087215077
TG 56:7-FA22:6	-0.531489994409409	5.38146633818251	-2.4379510852701	0.0240971148885799	0.103165266671799	-3.55232679758512
PC 18:0_20:4	0.695532194943797	6.07673918822338	2.4343691727182	0.0242810370163727	0.103165266671799	-3.55900433138845
TG 52:1-FA20:0	0.722383227714193	-0.297456107028163	2.43429380080827	0.0242849211811491	0.103165266671799	-3.55914478751351
PI 18:0_20:4	0.601294281636062	5.95560672401952	2.42359798636454	0.0248420158640622	0.104183236122039	-3.5790534555723
TG 50:0-FA18:0	-0.67228227686593	-0.425286752627347	-2.41846099245357	0.0251137845202019	0.104183236122039	-3.58859885582101
HexCER d18:1/24:1	0.587921960350745	-0.206864946652809	2.41745461168698	0.0251673492336428	0.104183236122039	-3.59046763252558
TG 60:12-FA22:6	-0.634418117834158	1.62725254013657	-2.41567873278295	0.0252621298207422	0.104183236122039	-3.59376431223457
TG 58:9-FA18:1	-0.661605646512371	2.03159612263046	-2.40267770680964	0.0259661820781606	0.106310817928701	-3.61785993367502
CE 20:3	0.617399863568502	4.2082645631727	2.38211045314242	0.0271172886344926	0.110224950204952	-3.65583696981663
TG 54:6-FA18:1	-0.516119880101174	3.48581712355282	-2.37717395640288	0.0274005310166007	0.110580714459853	-3.66492604614883
TG 50:2-FA16:1	0.731727860898118	4.89488225849584	2.37230701123524	0.0276824653627476	0.11083844180879	-3.67387710754107
TG 53:3-FA18:2	0.703446172023994	2.04407318613184	2.3693214638876	0.0278567411271648	0.11083844180879	-3.67936308053278
PC 18:1_18:1	0.603461231077348	2.89175196819197	2.36440204731513	0.0281461214538117	0.111206703646179	-3.68839438958674
CE 18:1	0.540766683312064	7.17022516640682	2.35889037139188	0.0284736460025753	0.111719513829549	-3.69850088100098
SM d18:1/18:0	0.667544722248254	1.29787863079566	2.35032270164955	0.0289897789026763	0.112267313139695	-3.71418545457874
TG 51:2-FA18:2	0.94392703224286	1.72249707546666	2.34997891880462	0.0290106685281336	0.112267313139695	-3.71481415629786
TG 51:2-FA18:1	0.502717254063523	2.23985284997676	2.34438333656244	0.0293526416583475	0.112817976441948	-3.72504013200189
Cer d18:1/24:0	-0.511661926192747	-0.865287507262402	-2.32836910858373	0.0303520451095324	0.115870983019499	-3.75423204817324
CE 16:0	0.559108140586242	6.47554785580501	2.3205863295768	0.0308490074162456	0.116977779799857	-3.76837905567018
TG 48:0-FA16:0	-0.719940640289574	1.67454370637926	-2.31327898258549	0.0313224333865592	0.11798116575604	-3.78163784594315
TG 50:2-FA18:2	-0.59126665527624	4.04770224185647	-2.30554532520403	0.0318307675302115	0.118941265414426	-3.79564468358173
HexCER d18:1/16:0	0.593119025721883	-0.857575610620148	2.30302057878602	0.0319983581291908	0.118941265414426	-3.80021169032559
TG 56:9-FA20:5	-0.638942960190731	2.20151769546798	-2.28995741201157	0.0328785319823678	0.121414186732273	-3.82379658060957
TG 56:3-FA20:1	0.565704173668351	1.77144949045846	2.27958684280351	0.0335930846257929	0.123211109974573	-3.84246603231719
TG 52:2-FA16:1	0.599281138772928	0.736588187683672	2.27660340136731	0.0338012779576264	0.123211109974573	-3.84782800080186
TG 57:2-FA18:1	-0.61023829042025	1.91678666850594	-2.26713339485726	0.0344700010040158	0.124843272867108	-3.86482133817305
TG 46:0-FA16:0	-0.683125592241987	-0.94198743495158	-2.2526451545812	0.0355166170689543	0.127814577350058	-3.89074089324558
TG 52:3-FA18:3	-0.577530244074687	-1.30649004262377	-2.24426083884681	0.036135522491995	0.127828184413844	-3.90569667624193
TG 46:2-FA14:0	-0.595243116548096	-1.91257988879138	-2.24340314186695	0.0361993891009979	0.127828184413844	-3.90722479859964
TG 56:7-FA16:0	-0.487248603501714	3.31479018503855	-2.2423317434736	0.0362793137796151	0.127828184413844	-3.90913318768831
TG 54:7-FA18:1	-0.477260884541684	0.782946543345611	-2.24037933172357	0.036425376443591	0.127828184413844	-3.91260948854105
TG 50:2-FA18:0	-0.634118394041619	-1.01820870276508	-2.23735600761049	0.0366526183639835	0.127831662812658	-3.9179890934341
TG 52:6-FA18:1	-0.491891356733756	-0.909871162791367	-2.23117433111348	0.0371212956531405	0.127918017097892	-3.92897539723665
TG 56:3-FA18:2	-0.692494726327599	0.392612892793593	-2.22927260890434	0.0372665779947809	0.127918017097892	-3.93235164069242
TG 52:6-FA14:0	-0.480774066169587	-1.69150758126606	-2.22809777830115	0.0373565890639862	0.127918017097892	-3.93443654849832
TG 55:5-FA18:1	0.533613676066548	0.135142175099442	2.21541773311407	0.0383408166374574	0.13049735783231	-3.9568981223834
TG 51:4-FA15:0	-0.715831110151601	0.331691845124716	-2.18893081649707	0.0404735480069305	0.136931464813867	-4.0035728758884
TG 56:7-FA20:3	-0.533111638714839	-0.0511414717828099	-2.18070114321885	0.0411578936309943	0.138417916080427	-4.01800698326009
LPC 20:4	0.577755868959448	3.93568096098166	2.16329232756888	0.0426403630426549	0.142174637430825	-4.04843286021802
CE 22:0	0.598343634731228	0.0697937161000093	2.16017812382678	0.0429106188120966	0.142174637430825	-4.05386012960113
PC 18:0_22:6	0.544909413803033	5.39480746166107	2.15880990910866	0.0430298460188868	0.142174637430825	-4.05624308584973
TG 52:4-FA20:4	-0.497923280595731	-0.104999929470365	-2.15152727385727	0.0436695374150017	0.143449352555093	-4.0689115066982
TG 54:2-FA18:1	0.502073136716494	3.16322424205923	2.1442517417295	0.044317211522413	0.144735401792852	-4.08154157406566
LPC 16:1	0.525323650224841	2.7980380922055	2.14070430341865	0.0446361564846798	0.144939243757725	-4.08769033985262
TG 50:5-FA16:0	-0.516249142054226	-1.69867907166045	-2.13011052674187	0.0456010500106822	0.147052251660799	-4.10601540810635
TG 54:5-FA22:1	-0.458220208430863	-1.70164008591342	-2.12787105350162	0.0458074270660189	0.147052251660799	-4.10988209601329
TG 52:7-FA20:5	-0.498916310820237	-0.381225919131144	-2.11925737270954	0.0466091177947	0.148780517254268	-4.12473118248178
TG 58:7-FA22:6	-0.494202102687358	0.714847363890109	-2.11245623234914	0.0472510548116839	0.14998228072248	-4.1364293541953
TG 48:3-FA14:0	-0.493705302384622	0.143371696025406	-2.10386519281366	0.0480733517946505	0.151739909295964	-4.15117287856409
TG 53:0-FA16:0	-0.451753423828612	2.08996866108148	-2.10020605004295	0.0484274966169485	0.152008531047644	-4.15744117599291
DG 16:0_18:1	0.586321629107125	0.438636232899632	2.09098100260233	0.0493308029271793	0.153988417977107	-4.17321392537261
TG 50:2-FA18:1	0.592106522354757	5.06431683915514	2.07763887868018	0.0506641307796162	0.157281504892765	-4.19594893825033
TG 51:1-FA15:0	0.535872116419652	-2.63359103023923	2.07249143287514	0.0511871491833142	0.157668962378135	-4.20469571001039
TG 60:11-FA22:5	-0.479275735144806	-1.50562833776291	-2.06821081473268	0.0516257860371859	0.157668962378135	-4.211959093531
TG 52:3-FA14:0	-0.469620356689878	-1.67993779966265	-2.06820756397349	0.051626120424699	0.157668962378135	-4.21196460583425
TG 54:5-FA18:2	-0.486983321746819	5.92870564688761	-2.06544426357099	0.0519110713055835	0.15768685638524	-4.21664834277432
TG 54:2-FA20:1	0.517496733442706	2.36656644631591	2.05796238970706	0.052689710444269	0.159196183962631	-4.22931002885215
PC 16:0_20:4	0.49144134589057	7.14982960785291	2.04484885876714	0.0540797767006254	0.162526988488582	-4.25143165991043
TG 54:4-FA20:4	-0.443404340451987	-1.01536567950119	-2.0408163665323	0.0545137962668702	0.162586842164243	-4.25821603186925
TG 51:1-FA17:0	0.453239617277	-0.193281266693727	2.03897352496664	0.0547131800774404	0.162586842164243	-4.26131362101976
TG 56:2-FA16:0	-0.562345251946375	-0.834439164632423	-2.03667312772844	0.0549629855811867	0.162586842164243	-4.26517778595431
TG 51:4-FA20:4	0.493857190823744	-2.58379433222385	2.02627523355634	0.0561049109721295	0.16510038905861	-4.28260897623282
TG 55:2-FA18:2	-0.512443448085916	1.73384652072743	-2.01636375712012	0.0572131351016627	0.167489229701759	-4.29917111227391
TG 56:8-FA20:4	-0.503847831852939	1.45018154219949	-2.00945011094156	0.0579977094330087	0.16891085479201	-4.31069269544844
TG 53:4-FA16:0	0.629169022810612	0.437391784759508	1.99952785053651	0.0591404984440906	0.170936580614896	-4.32718313040562
TG 54:0-FA16:0	-0.429983032540076	-0.717099989222616	-1.99659290444635	0.0594823573732785	0.170936580614896	-4.3320506967242
TG 48:0-FA14:0	-0.469828166243467	-3.30866106605736	-1.99557872962583	0.0596008962497956	0.170936580614896	-4.33373160476429
TG 60:10-FA22:5	-0.543177745260382	-2.23604462936033	-1.9872723703702	0.0605797134604588	0.172866354066461	-4.34747762994078
TG 51:1-FA18:0	0.539231366555344	-1.60316603896816	1.98273261763204	0.0611207052294525	0.173529481608067	-4.35497446893776
PG 16:1_18:2	-0.421802601595512	-1.72188858897278	-1.97811481894613	0.0616754056177263	0.173529481608067	-4.36258861616443
CE 16:1	0.46734561132274	6.06015116972066	1.97763335690354	0.0617334969968523	0.173529481608067	-4.36338181088303
TG 52:4-FA16:0	-0.479918387511042	6.12614264649071	-1.97003604756053	0.0626566243415972	0.175146674985939	-4.37588128000677
TG 51:3-FA18:3	0.858286496225259	-1.59350665313656	1.96781500088596	0.0629288053489305	0.175146674985939	-4.37952944682224
TG 46:3-FA16:0	0.533453166625818	-3.11265644843065	1.95941899462332	0.0639672189388677	0.177028005187907	-4.39329560169506
PC 15:0_18:2	-0.486182097477749	-0.149149406648657	-1.95730229624438	0.0642314001124266	0.177028005187907	-4.39675998577715
PC 18:1_22:6	0.485132923252498	4.21280921466888	1.95380792029001	0.0646696453305108	0.177370629183197	-4.40247375176384
TG 50:3-FA14:0	-0.421159631923288	2.46700524675314	-1.91018224912073	0.0703681256708394	0.192067589391421	-4.47323013861482
TG 48:0-FA18:0	-0.419635846384571	-3.11590955080221	-1.90582818982642	0.0709604940272005	0.192669100316111	-4.48023269932034
CE 20:4	0.510430101909587	8.70117323456486	1.90337254786835	0.0712965179195655	0.192669100316111	-4.48417727456646
SM d18:1/22:1	0.456137492988181	3.3076076076238	1.9010797446484	0.0716115240112979	0.192669100316111	-4.48785715089921
TG 49:1-FA16:0	0.511596463772482	0.525066264186211	1.89696978913596	0.0721792556714096	0.19327620594477	-4.49444593031306
TG 48:2-FA14:1	0.519336175044334	-1.6095226745752	1.88896563546882	0.0732962945990561	0.195021551181768	-4.50724963582328
TG 56:6-FA18:2	-0.465825662414455	1.47050562545371	-1.88736564832127	0.0735213989410914	0.195021551181768	-4.50980458347435
TG 50:4-FA18:2	-0.431295570925903	2.64975350582512	-1.88373750972105	0.0740340992042775	0.195360824494083	-4.51559269528508
SM d18:1/24:0	-0.440424512910242	2.74992078219757	-1.8815773575705	0.0743408447189874	0.195360824494083	-4.51903524012654
TG 56:3-FA18:1	0.445389484164321	2.54621121672411	1.87068962429504	0.0759039709970379	0.198545109320956	-4.53634518531489
TG 50:4-FA18:3	-0.449610777241501	0.584644514498323	-1.86681046538491	0.0764678177957021	0.199098235274524	-4.54249575383838
TG 51:4-FA16:1	0.497826683199022	-0.70448851681483	1.860836934551	0.0773432666677911	0.199932284760525	-4.55194976652914
TG 56:8-FA18:3	-0.418647864116765	-0.839233159178858	-1.85936881620682	0.0775597654333648	0.199932284760525	-4.55427007225352
TG 48:2-FA14:0	-0.493124265263932	1.63761408809649	-1.85740806115535	0.0778497391987884	0.199932284760525	-4.55736699107552
TG 54:7-FA20:5	-0.413453806423121	3.84282919300474	-1.84658277039849	0.0794678174602214	0.201907861680605	-4.57442413222322
TG 52:4-FA16:1	0.4856105744642	5.24503183504043	1.84629567333292	0.0795111276881611	0.201907861680605	-4.57487555912713
TG 58:2-FA18:1	-0.411178759996421	-1.86884969924851	-1.84510434023577	0.0796910675305752	0.201907861680605	-4.57674826970451
TG 58:3-FA18:1	-0.483068546188262	-0.572944716162198	-1.84252111715442	0.0800824620282947	0.201993710026725	-4.58080605878266
TG 54:5-FA22:5	-0.429473713946848	-0.714336468389933	-1.82218188134088	0.0832231969446257	0.208982694549838	-4.61261628646558
PC 17:0_20:4	0.464842806987971	1.42762406220247	1.80357307461453	0.0861901403786618	0.214809525959662	-4.64150216090992
TG 46:1-FA12:0	0.461486490037642	-3.07635779116719	1.80287007199714	0.0863040042351207	0.214809525959662	-4.64258929641829
PC 16:0_20:3	0.464880917950913	5.55965532852213	1.79890125245738	0.0869492783058502	0.215096140475135	-4.64872110561336
TG 49:1-FA17:0	0.39455781141579	-2.62485722401738	1.79748495572245	0.0871805595908069	0.215096140475135	-4.65090695437219
CE 15:0	0.434006329407422	1.77763436677033	1.76981883871428	0.091806580637214	0.225524861130547	-4.69335896771302
TG 52:5-FA14:0	-0.402557753037498	-2.3329734994979	-1.76000776256557	0.0934972803045917	0.22868382412162	-4.70829996923456
TG 56:6-FA22:4	-0.441819281329878	-0.0760022606620513	-1.74061547961995	0.0969181511755395	0.235596704669152	-4.73765526615376
PC 16:0_22:6	0.430739407428484	7.45132586708793	1.73928037755832	0.0971575790936504	0.235596704669152	-4.73966761336524
SM d18:1/16:0	0.4130877670731	4.76132064536205	1.73679401770185	0.0976048205609705	0.235669759046788	-4.74341221409002
TG 52:4-FA14:0	-0.37101448240571	-2.34527410616288	-1.71265053411891	0.10204038429122	0.245331136700168	-4.77957019000268
TG 54:5-FA20:5	-0.576165479155388	-2.03862224293365	-1.70516842300362	0.103449531824183	0.247665192714676	-4.7907002669209
TG 56:10-FA18:2	0.515929534493056	0.544891200993091	1.69964859283127	0.104499741518099	0.249123856361713	-4.79888833387205
TG 54:5-FA18:1	-0.372384767958373	5.55496192979742	-1.69263377482104	0.105847510151661	0.251276652250792	-4.80926577189839
TG 52:4-FA18:0	-0.372740155055618	-1.81362884453678	-1.68960240483497	0.10643450301334	0.251485400833957	-4.81374043658495
TG 55:3-FA18:2	0.558342915792004	0.841625240254084	1.68759029397125	0.106825656991416	0.251485400833957	-4.81670727325036
TG 54:6-FA16:0	-0.373770248859434	2.6428741838289	-1.68359495452851	0.107605980811071	0.252271282814337	-4.82259059091072
PC 18:0_18:1	0.416720225560526	4.23530509759489	1.67538892520653	0.109223912696532	0.255006242452648	-4.8346418508731
PC 18:2_18:2	-0.45371350226047	4.02251127391695	-1.67019752124881	0.110258112721744	0.256361455505289	-4.84224323836436
TG 49:1-FA18:1	0.542623400491558	0.0546687273603412	1.66603565588528	0.111093209259267	0.257244521440516	-4.84832444174188
TG 49:2-FA18:1	0.375117060101173	-0.885941339525086	1.65309963037987	0.113723217256694	0.262259664285846	-4.86715373103033
PC 18:2_20:1	-0.426542503207793	0.457007207760302	-1.6492400072763	0.114518052483883	0.26301910428209	-4.87275036455898
TG 52:2-FA18:0	-0.409895865563428	2.80286608202476	-1.64188458140063	0.116045813698856	0.26460807406065	-4.88338883672916
PC 16:1_18:1	0.428476733967223	3.23146047506523	1.64140245349363	0.11614655286202	0.26460807406065	-4.88408490909825
TG 47:0-FA16:0	0.47675670958168	-0.580713766145254	1.62094258976121	0.120490134444201	0.273401309080215	-4.9134814120082
TG 53:4-FA18:2	0.453002947983619	2.62406430230296	1.6156453000953	0.121636767337187	0.273896421481231	-4.92104694229839
LPC 18:2	0.385996775113406	7.15049112968826	1.61509724202762	0.121755920041866	0.273896421481231	-4.92182859843678
TG 54:2-FA18:2	-0.530867980421164	0.325818679478939	-1.61322981719336	0.122162651704903	0.273896421481231	-4.92449045872146
TG 54:6-FA20:4	-0.377036127328532	3.0902702788711	-1.60215257291916	0.124598846414054	0.277198446112023	-4.94023190368074
PC 18:0_20:2	0.433839939831381	-0.00826816468207219	1.60207230780243	0.124616646570715	0.277198446112023	-4.94034566332277
TG 56:7-FA18:0	-0.345300740075601	-1.24624326702748	-1.58590876685433	0.128244864919557	0.284150386978627	-4.9631652847946
TG 52:7-FA18:1	-0.371569578895519	-3.18521806524535	-1.5736778991342	0.13104864105066	0.28922844606884	-4.98031458060166
TG 54:3-FA20:3	-0.420887119831379	-3.06912612894003	-1.56818483033931	0.132324392355427	0.290907710820297	-4.98798327365864
PA 34:4	0.383566369459491	1.12110847468627	1.54229215585847	0.138477856638806	0.303255771321417	-5.02385113732679
TG 58:8-FA22:6	-0.404856035305022	3.99541446458557	-1.53791474211413	0.139541241348913	0.304404638463846	-5.02986903312108
TG 54:3-FA18:0	-0.341267844653177	3.26610691776566	-1.5319392299163	0.141003743351089	0.306411980743713	-5.03806236809107
TG 52:6-FA16:1	-0.341975881057259	1.36683618519215	-1.52600483622788	0.142468695905734	0.308409245926205	-5.04617462447191
TG 49:3-FA15:0	-0.338988024624557	-1.17494683972225	-1.51101563487788	0.146224889952295	0.313332745663491	-5.06655465115024
FA 18:2	0.519303236807368	4.7926721447878	1.51032249502546	0.14640053947509	0.313332745663491	-5.0674932494269
TG 54:2-FA18:0	0.340044243359111	2.19584909175091	1.51029778273504	0.146406805053383	0.313332745663491	-5.06752670670543
FA 18:1	0.466678071058091	5.70728573488505	1.50790603807678	0.14701425476591	0.313445486576373	-5.07076278191848
TG 48:3-FA18:2	-0.344966202458068	0.0673383375577848	-1.5050940468187	0.147731086178962	0.313537134344787	-5.07456228710153
TG 52:5-FA18:2	-0.356001630074547	4.64789556971172	-1.50338910441591	0.148167105964705	0.313537134344787	-5.07686324585293
Cer d18:1/16:0	0.351639917969995	-2.51688688159354	1.49452889782534	0.150450048661623	0.31567116473007	-5.08878763015794
TG 54:2-FA16:0	0.361829133973467	2.46393203308649	1.49409935593334	0.150561454416936	0.31567116473007	-5.08936430601226
TG 52:3-FA20:3	-0.341167728685502	-1.83402292511802	-1.49298146475824	0.150851707039148	0.31567116473007	-5.09086450091251
FA 18:3	0.470664677616067	1.71773713079354	1.47539185414322	0.155479355882607	0.324154376655619	-5.1143521381505
TG 56:5-FA18:0	-0.334912671159728	-0.357554827864704	-1.47232020915211	0.156299241472101	0.32466570379315	-5.11843103174148
TG 52:0-FA20:0	0.392043827501469	-0.631728780641188	1.4608697007951	0.159386732239747	0.329866313976032	-5.13357656768651
PC 14:0_18:2	-0.334867431008289	0.9851773327671	-1.45806307821248	0.160151027382723	0.330238432376784	-5.13727444643068
TG 50:3-FA16:1	0.392114070326395	5.18391890106655	1.45076124820202	0.162153411305401	0.332421038349669	-5.14686830663825
FA 16:1	0.533112146781031	4.55549633269095	1.44991710231399	0.162386206344263	0.332421038349669	-5.14797493674803
TG 56:7-FA22:4	-0.383549329166049	-1.94593421927505	-1.44407041992843	0.164006029987208	0.334524934811452	-5.15562542115116
TG 52:3-FA18:1	0.352133251504157	7.64664653344426	1.43789113993915	0.165732201321421	0.336829833620873	-5.1636840825318
TG 49:2-FA14:0	0.337404309522469	-2.2626054854099	1.43473762022445	0.166618779206746	0.337417957891797	-5.16778599121086
TG 52:2-FA20:2	-0.325516972658183	-2.59748502025868	-1.42955601628918	0.168083850720637	0.33916919877557	-5.1745101298861
TG 56:4-FA18:2	-0.338959462059258	2.12274048117748	-1.41753168416367	0.171523736887033	0.344878688046881	-5.19003822307417
TG 52:4-FA18:3	-0.317472219773446	3.71520863579077	-1.41365192351957	0.172645663984467	0.345534917398241	-5.19502582297993
TG 52:4-FA18:2	-0.341241218822811	7.00859567559788	-1.41217864231987	0.173073241811862	0.345534917398241	-5.19691688335414
TG 54:2-FA20:0	0.371651825248887	2.00531790324257	1.40812806778804	0.174253192980545	0.346665683218338	-5.20210782508433
TG 53:4-FA18:3	0.451904954801913	-0.988052536400789	1.40381199241811	0.175517584611409	0.347955913352443	-5.20762567048723
TG 48:4-FA14:1	0.342794960258195	-3.00348632316377	1.39271800649299	0.178801334164861	0.352034329892088	-5.22174531948787
TG 49:2-FA16:1	0.350645085697139	-0.682065519491074	1.39265213266218	0.178820978192972	0.352034329892088	-5.22182888606828
PI 18:0_18:2	-0.357995690020433	3.01061329649939	-1.3813338042987	0.182221876827255	0.357483890303468	-5.23613914574144
TG 52:1-FA16:1	0.317721738389797	-2.16021586450842	1.37319362725054	0.184699551841518	0.360067456328014	-5.24637195129919
TG 47:1-FA16:1	0.31556031529693	-2.7563158579346	1.37282173371818	0.184813384663936	0.360067456328014	-5.24683826302198
TG 48:2-FA16:1	0.456873265838411	2.26161290542784	1.36828813633234	0.186205564124083	0.361533139966004	-5.2525145254096
CE 20:2	0.344451850452365	-0.317182129166893	1.36349304140908	0.18768709915229	0.363161681578917	-5.25850138165455
TG 52:6-FA20:4	-0.306330397377736	-1.02926246171338	-1.35534831205392	0.190224988022654	0.365934183645731	-5.2686306743829
TG 52:2-FA20:0	0.318651720523693	-1.62207210448704	1.35212583109811	0.191236582821472	0.365934183645731	-5.27262452017345
TG 56:4-FA20:3	0.321669456204028	-1.31079659211641	1.35147515784346	0.191441356444857	0.365934183645731	-5.27342999176543
TG 54:4-FA18:1	0.321688371334552	6.71440302499017	1.35062030220302	0.191710651963073	0.365934183645731	-5.27448773460675
PI 16:0_18:2	-0.337084343528794	2.2895752585135	-1.34181930675849	0.194500575021729	0.370009511404974	-5.28534530442307
TG 52:4-FA20:0	-0.316167089610223	-1.04188109472451	-1.32178400946424	0.200971168747541	0.381035940746176	-5.30984247885023
TG 54:3-FA18:2	-0.296743746576061	3.41358991291845	-1.31129562911226	0.204425218852357	0.386288457028701	-5.32254413764115
TG 56:5-FA20:3	0.357462465549868	0.875111868925339	1.30635145533699	0.206069465442538	0.388097493250113	-5.3285023064976
TG 51:3-FA15:0	-0.32197512922954	1.01728859120358	-1.30040100766584	0.208062035525122	0.390548339108618	-5.33564813026348
TG 56:7-FA18:1	-0.289706858980486	3.28632130995704	-1.29471529814622	0.209979958142313	0.392156546177829	-5.34245046855421
DG 16:1_18:2	0.377936969639847	-0.0088050512629917	1.29374992960042	0.210306961932535	0.392156546177829	-5.34360294275366
TG 52:3-FA18:0	-0.279146416207065	1.06254635227526	-1.28434705978925	0.213512793126788	0.396824763541564	-5.35479044225228
TG 58:8-FA20:4	-0.322114940623952	-1.80590817202436	-1.27762818873908	0.215826672997323	0.39981006637209	-5.36274242095951
TG 50:4-FA16:0	-0.308085107451648	0.956803707184392	-1.26848011510794	0.219008289082204	0.403085525876164	-5.37351281696071
TG 56:8-FA16:1	-0.314029970616253	1.36730771620542	-1.26831487250601	0.219066090265688	0.403085525876164	-5.37370676223771
TG 50:4-FA16:1	0.349994561619874	2.86748444794283	1.26640469295545	0.219735118530723	0.403085525876164	-5.37594718862437
TG 50:1-FA14:0	-0.314267029336431	-2.16330703469883	-1.26258056989334	0.221079229547622	0.404238720693872	-5.38042386621627
Cer d18:1/22:0	0.308549952408923	-0.787422141835272	1.25433224004544	0.223999932637958	0.408257941743374	-5.39004062745661
TG 49:3-FA16:0	0.417851142211462	-1.05547261375017	1.25203998956784	0.224816855666005	0.408429335856247	-5.39270367237033
TG 53:5-FA20:4	0.27085845984851	-2.01592031274776	1.23668072447292	0.230349795512982	0.416655210324991	-5.4104405091089
TG 56:3-FA18:0	-0.304121192625089	-0.974669892179325	-1.23538958796197	0.230819612091544	0.416655210324991	-5.41192300949048
CE 22:6	0.318279981086367	6.80150927813217	1.23138737221838	0.232280584057843	0.41795710188752	-5.41651000894503
TG 58:8-FA18:1	-0.320910130185116	2.51720505222515	-1.22601141611691	0.234254119115287	0.419481771050654	-5.42265145855813
TG 56:4-FA20:2	0.326858896494696	0.240319552078335	1.22503803425979	0.234612813543375	0.419481771050654	-5.42376098562827
FA 22:2	0.393938723395796	0.13748181128635	1.22020070142719	0.236401592703974	0.4213466873115	-5.42926371914982
TG 52:6-FA20:5	-0.303591679941646	0.891242589434273	-1.19717208664029	0.245059598245385	0.434034007319374	-5.45520368771016
CE 18:3	0.296001085378012	4.5054820135314	1.1968355379825	0.245187881457731	0.434034007319374	-5.45557963165119
FA 14:1	0.367014128338978	2.02975780271454	1.19373564234232	0.246371860408983	0.434034007319374	-5.45903810661407
TG 56:5-FA22:5	-0.274181661232091	-2.1801145269318	-1.19147639517608	0.247237471418611	0.434034007319374	-5.46155381851653
TG 49:0-FA17:0	0.289399688474231	-2.00282779946962	1.19115453870626	0.2473609740829	0.434034007319374	-5.46191187684423
PC 18:0_18:0	0.297565914924918	-0.321877319527986	1.18848123088805	0.248388570401951	0.434487746987932	-5.46488264687385
TG 50:1-FA16:0	0.310343500863399	4.88136308119496	1.17883429850578	0.252123467403377	0.439659750255889	-5.47555503401249
TG 56:8-FA20:5	-0.275897471223852	3.01727114613324	-1.16880387810465	0.256051314465573	0.444609558759811	-5.48657179478254
TG 58:7-FA20:4	-0.283847254782501	-1.60699965607031	-1.16659841046809	0.256921060971791	0.444609558759811	-5.48898318663433
TG 48:3-FA16:0	-0.272382568911148	-0.762427750684398	-1.16558183044094	0.257322700379572	0.444609558759811	-5.49009335338549
LPC 18:0	0.276479912216867	6.28888933589236	1.15554270434707	0.261314223171838	0.450129683207586	-5.50101150538874
TG 52:4-FA18:1	0.28301628029903	5.47993386701603	1.15308818202473	0.262297101224364	0.450449429154302	-5.50366844273159
TG 58:7-FA22:4	-0.275280423057539	-1.3480906964743	-1.14711790297326	0.264699269333268	0.452019463686921	-5.51011051555858
TG 52:0-FA16:0	0.252955993485678	-0.371088004311539	1.14684019340887	0.264811402620125	0.452019463686921	-5.51040946106359
TG 54:4-FA20:2	-0.283706386431301	1.26048384656597	-1.13191072535854	0.270891505479566	0.461005122276973	-5.52638746487797
TG 56:7-FA20:4	-0.269690017473071	2.24705533826789	-1.12940450634312	0.2719221855362	0.461369473957816	-5.52905174749361
PC 16:0_16:1	0.28227924365227	2.7011721392428	1.12597237788495	0.273338324559711	0.462383692743224	-5.53269194070897
TG 48:3-FA18:1	0.244555621263263	-1.87627063025572	1.12314899240231	0.274507347798793	0.462975079123337	-5.53567920545347
TG 56:6-FA20:5	-0.24432130788465	-0.683685176547686	-1.11587805250248	0.277534774678244	0.466687939563119	-5.54334186866694
PC 18:1_20:5	0.280173663170114	2.00069924265968	1.11084825970248	0.279643310266856	0.468627976310413	-5.54861704972596
PC 16:0_18:1	0.267801626251749	7.16378781562425	1.10917497577735	0.280347355739681	0.468627976310413	-5.55036732107384
TG 58:10-FA20:4	0.314151206187537	0.314602371949515	1.09905929466753	0.284631173970188	0.473842822624559	-5.56089891982666
TG 51:0-FA17:0	0.246030157416353	-3.12007336245401	1.09785494197297	0.285144353437788	0.473842822624559	-5.56214712328311
TG 49:0-FA15:0	0.277824838355671	-3.31672484761755	1.07268315696865	0.296024390415856	0.490480294970553	-5.58795828142573
TG 56:4-FA16:0	-0.292234776564568	-1.84202775849385	-1.07049632118125	0.296983542371265	0.490630705964224	-5.5901756108385
TG 49:3-FA18:2	0.325887275462639	-0.336491781327745	1.0662058606864	0.298871837918397	0.492310753422432	-5.59451422055989
CE 18:4	0.26997037166407	0.0462415339931537	1.05584232065773	0.303468486569036	0.49842934567298	-5.60493013165396
LPC 20:1	0.253966490961545	0.409969701150282	1.05044860354914	0.305880713258556	0.500643841091031	-5.61031524850382
PC 18:2_20:4	0.230688283442346	2.87508152341964	1.04887070860124	0.306588971712383	0.500643841091031	-5.61188597777905
TG 58:6-FA22:5	-0.231564784478171	-1.68787606715589	-1.04242185893965	0.309495762460438	0.503934022449993	-5.6182836302949
LPC 16:0	0.237789341488926	7.79761897914043	1.02980263686632	0.315240331306289	0.511812606862222	-5.6307005893998
TG 50:2-FA14:0	0.252778199946852	1.98845308537901	1.02237179556585	0.318658066543288	0.515512017102552	-5.63794894493237
TG 56:9-FA20:4	-0.301273208378666	-0.207820963556309	-1.02088780359948	0.319343727408661	0.515512017102552	-5.6393908522894
TG 50:4-FA18:1	-0.22332795689184	-0.358782430361043	-1.01492130640365	0.322110949865679	0.518161545328367	-5.64516916143011
TG 48:1-FA18:1	-0.271123572258222	0.650227053486831	-1.01339995372928	0.322819228239974	0.518161545328367	-5.64663766006489
TG 51:3-FA17:0	0.2262622108413	-1.05483270189615	1.00587553190288	0.326338337313788	0.521375022081728	-5.65387153292337
TG 56:2-FA20:1	0.258899545512625	-1.50823054037227	1.00470984399931	0.326885909713825	0.521375022081728	-5.65498786742419
TG 54:1-FA18:1	0.220568369171166	0.13361601082726	1.00160449008493	0.328347754862771	0.521375022081728	-5.65795605444926
TG 54:4-FA22:1	0.241225615236796	-2.1224589174176	0.997875994463313	0.330108959455716	0.521375022081728	-5.66150891614623
TG 56:8-FA18:1	-0.231242190705248	1.94152705004281	-0.997603771671278	0.330237804697746	0.521375022081728	-5.66176784761401
TG 48:4-FA18:2	-0.235255466000507	-1.92193989639321	-0.99697263287016	0.33053666243452	0.521375022081728	-5.66236792581615
FA 12:0	0.231148421603162	1.84173985007977	0.995402930161173	0.33128076624308	0.521375022081728	-5.66385889209903
TG 56:1-FA18:1	-0.217172396403981	-0.769793182265799	-0.984644639971298	0.336411976092996	0.527979906923731	-5.67402043125003
CE 22:5	0.282182089517692	1.85631538769735	0.976491984665788	0.340336863033455	0.532636345712529	-5.68165433674068
FA 22:5	0.25335999165466	1.03320939087947	0.974574921974761	0.341264348934399	0.532636345712529	-5.6834410697751
TG 54:5-FA16:0	-0.237162611288126	2.24548311146959	-0.970653213816029	0.343167110026667	0.533589670633583	-5.68708624868926
TG 51:3-FA18:2	0.273727386014204	2.2235916379938	0.969426139664511	0.343763964797565	0.533589670633583	-5.68822406100001
TG 55:7-FA15:0	-0.214475191359483	-2.29468303570129	-0.963718733157061	0.346549438427503	0.53643954167545	-5.6934991206538
TG 54:5-FA22:4	-0.244330357083689	-2.41419912536609	-0.956195202300984	0.350244816576797	0.539486749771396	-5.70040948503966
TG 58:7-FA22:5	-0.225390482609108	0.972852055171263	-0.955619522444275	0.350528680034752	0.539486749771396	-5.70093621877366
TG 54:5-FA18:3	-0.198044587019476	2.93279036449448	-0.95388983388874	0.351382520205086	0.539486749771396	-5.7025171073828
TG 53:4-FA17:0	-0.302146758127048	0.363071497377534	-0.945672218360592	0.355458391488463	0.544265558783148	-5.70999215503702
TG 56:5-FA20:2	-0.240913152592215	0.415362213584899	-0.9380252686583	0.359279922414726	0.548212830746836	-5.71689513334483
TG 49:3-FA18:3	0.404876880757125	-1.99797661939728	0.935697204234705	0.360448856886709	0.548212830746836	-5.71898654291104
TG 52:0-FA18:0	0.212795963468634	-0.487463624948936	0.933771523249206	0.361417690021776	0.548212830746836	-5.72071288552273
FA 20:0	0.252585698360739	2.05884025112558	0.932596752132271	0.362009592960307	0.548212830746836	-5.72176445347448
PI 16:0_20:3	0.250247162163226	0.494733167116617	0.930856154197997	0.362887785308525	0.548212830746836	-5.72332028329801
TG 52:5-FA20:3	-0.230806615727926	-1.97650244699471	-0.916140092218827	0.370369812694595	0.558023851126523	-5.73636787185374
TG 54:6-FA22:5	-0.245993819421574	0.371321566630691	-0.912198776455869	0.372391058633105	0.559576989701342	-5.73982998110215
TG 52:1-FA20:1	-0.244807889646372	-0.841154795379218	-0.896174791713059	0.380684257569083	0.570521500070377	-5.75376448524937
TG 52:4-FA22:1	0.211262637732537	-2.26814625162772	0.890746223888853	0.383521277877048	0.573252703705111	-5.75843366479901
LPC 20:2	0.210076597285235	0.0776800936814652	0.8875340911625	0.385206508637171	0.574252446912932	-5.76118415425899
TG 54:4-FA20:3	0.241062183001404	1.76824944456943	0.882710579021943	0.387746269780595	0.576517480068516	-5.76529723096773
TG 55:4-FA18:2	0.257419500834203	1.04841145365911	0.87778648919921	0.390350284413949	0.578170026459781	-5.76947473858829
TG 51:2-FA17:0	0.237542653002642	0.813004739430857	0.875232337073546	0.391705492969053	0.578170026459781	-5.77163313565174
PC 20:0_20:4	0.210046807438871	1.22151671911517	0.874814196949129	0.391927646255037	0.578170026459781	-5.77198593333985
TG 49:3-FA16:1	0.193664875598715	-0.843709690703719	0.869444830913557	0.394787633220356	0.580872429087243	-5.77650238552868
CE 14:0	0.218766138872067	2.72423281243471	0.866467966483248	0.396379091361792	0.581699186024448	-5.77899530068104
FA 22:1	0.254239282684519	1.52676316346002	0.862870051080391	0.398308119731327	0.583015771109326	-5.78199774208199
TG 49:2-FA15:0	-0.246966833644539	0.505390071280919	-0.853866399228312	0.40316203865805	0.588595741193277	-5.78946052082434
DG 16:0_18:2	-0.234710974476799	0.998044228660243	-0.850927361325	0.404754708986057	0.589397965404954	-5.79188086307848
TG 52:5-FA20:4	-0.210857255509775	0.313484620255995	-0.84515725784415	0.407893290067005	0.592094586822794	-5.79661010018672
TG 55:1-FA18:1	-0.196503063479853	1.7593041596175	-0.842459269917455	0.409366166947466	0.592094586822794	-5.79881114585286
TG 57:10-FA22:6	-0.200962329716608	-0.437112256532929	-0.841756437066117	0.409750413181792	0.592094586822794	-5.79938345040099
PC 17:0_18:2	-0.18814428853018	1.77590600174169	-0.836628129677115	0.41256108958222	0.592113044234875	-5.8035459006429
FA 20:3	0.230118047114934	0.881065026463077	0.83487137320911	0.413526736526197	0.592113044234875	-5.80496635227281
TG 54:6-FA20:5	-0.194805820563138	3.45602270821226	-0.834456828620948	0.413754811454478	0.592113044234875	-5.80530113338568
TG 54:5-FA20:2	-0.207926153620724	-0.689135094956755	-0.833321436401113	0.414379893561186	0.592113044234875	-5.80621726996186
TG 49:2-FA18:2	0.356088221897628	1.18860348858515	0.830528295246862	0.415920192166909	0.592113044234875	-5.80846608585677
TG 50:3-FA18:1	0.195312642446949	3.59662360180532	0.83029119061587	0.41605111249778	0.592113044234875	-5.80865666003128
TG 48:3-FA14:1	0.207127851283232	-1.21205531990766	0.808542358273541	0.428171016219211	0.607207509465762	-5.82592153447468
TG 46:2-FA12:0	-0.190884242722299	-2.53485547150043	-0.803661689789111	0.43092094001015	0.607207509465762	-5.82973714739044
FA 20:4	0.215052617258052	2.0754977924669	0.803659563591269	0.430922140374037	0.607207509465762	-5.82973880490319
TG 52:4-FA20:2	-0.191004906186794	-1.93414867662002	-0.802768169594184	0.431425568504909	0.607207509465762	-5.83043334450159
TG 58:5-FA18:1	-0.190935156154908	-1.80660928565225	-0.801697323062167	0.432030829743781	0.607207509465762	-5.83126675306729
FA 20:1	0.206998443524254	1.73993674712067	0.781991216153004	0.443263242059242	0.621448465914322	-5.8464173234062
TG 54:4-FA16:1	0.195411091352913	0.8357264813056	0.778102648673236	0.445500749268405	0.622488516481242	-5.84936516541706
TG 56:6-FA22:5	-0.1951337348971	2.68929706160657	-0.776874998509446	0.446208582610448	0.622488516481242	-5.85029295485801
TG 54:3-FA18:3	-0.182066531449622	-2.84162607070196	-0.769830615553524	0.450283497301812	0.625904565448405	-5.85559008563595
TG 50:4-FA14:1	0.187207507562692	-1.80799287206271	0.768815020811044	0.450872846261064	0.625904565448405	-5.85635003525915
TG 46:1-FA16:1	-0.206819776229763	-1.97202134698579	-0.76654397808934	0.452192428893477	0.626197848835329	-5.85804599680336
PC 14:0_20:4	0.189010581816652	-0.00315561042317933	0.762375615513195	0.454620543147532	0.62802104371236	-5.86114654381975
TG 52:2-FA20:1	0.190012330949375	-0.198517185993193	0.756728815841172	0.457922433758411	0.631039451398786	-5.86532139639942
TG 48:2-FA18:1	0.21206477180027	0.306307324317477	0.752014962219399	0.460689849206179	0.633308430173944	-5.86878408766859
PI 18:1_18:1	0.195699128973254	-1.16743617763389	0.735156021119126	0.470669359928842	0.643163628937455	-5.88100108575245
PC 16:0_18:0	-0.16820801125782	5.42599019108628	-0.732915263262903	0.472005361326204	0.643163628937455	-5.88260516166722
TG 49:2-FA16:0	0.251609433415922	1.1671242526526	0.73271296379579	0.472126088348397	0.643163628937455	-5.88274975243512
TG 48:2-FA16:0	-0.191342320623625	2.25753165917217	-0.731840860966042	0.472646745878096	0.643163628937455	-5.88337264367605
LPC 22:6	0.198653207467476	1.65240536293264	0.730328309763596	0.47355056573094	0.643163628937455	-5.88445130473686
Cer d18:1/24:1	0.17614146687655	-0.671723158434957	0.727857348999272	0.475029276812828	0.643276323126938	-5.88620890243889
TG 51:2-FA15:0	0.15308444261321	0.383164288869026	0.726386755342642	0.475910624897452	0.643276323126938	-5.88725226085715
TG 53:3-FA17:0	0.165523746106019	1.06583020273817	0.719613155790493	0.479982566887213	0.647231862270347	-5.89203219264084
CE 20:5	0.196327473233385	6.45597561186412	0.716772565950299	0.481696248242292	0.647319373175461	-5.89402408174922
LPC 17:0	0.159880305801078	1.86962055998791	0.714846748443604	0.482860095985657	0.647319373175461	-5.89537026124044
FA 14:0	0.194376731325648	4.67815014277397	0.713814569215453	0.48348455837176	0.647319373175461	-5.89609035816617
TG 50:1-FA18:1	0.178136914630499	3.72734721347645	0.709835167929672	0.485896479817615	0.649010664531802	-5.89885733497481
TG 47:0-FA15:0	-0.171154499409589	-2.24094173168969	-0.703658911869952	0.489653747472515	0.652486715382007	-5.90312275073399
TG 58:6-FA18:0	-0.158944812671618	-2.3549755676685	-0.698499380643286	0.492805354045409	0.655141235378014	-5.90665884669295
PC 18:2_20:3	0.172386703004274	0.99000648072486	0.690082048195471	0.497971939670004	0.660374654132031	-5.91237455045694
TG 58:6-FA18:1	-0.162698731961423	-0.6770272495811	-0.687365438122616	0.499645999300046	0.660374654132031	-5.91420515773633
TG 54:5-FA16:1	0.180399499465948	0.383685937857525	0.686389136878461	0.500248410563733	0.660374654132031	-5.91486136569716
PC 18:0_22:5	0.239916289920392	1.43000668500275	0.682905326976469	0.502401414004839	0.661670859936443	-5.91719571987353
TG 54:8-FA20:5	-0.159131757686614	1.74080818487633	-0.676299179973675	0.506498464546635	0.664575418868477	-5.92159112730598
FA 20:2	0.17450865154594	0.192819299267673	0.675558015528082	0.506959301827104	0.664575418868477	-5.92208171977082
FA 16:0	0.178603374582591	7.25269762971931	0.671020779686858	0.509785598633272	0.666733479693979	-5.92507382293452
TG 52:3-FA20:1	-0.147452247330875	-0.961603076341255	-0.660598556753236	0.516311174700509	0.673708576687731	-5.93187388811165
TG 54:7-FA20:4	-0.155720848128158	0.915096129600772	-0.654535824859409	0.520128511456115	0.677125827126048	-5.93578275453513
TG 58:7-FA18:1	-0.155437940832423	1.20102858539033	-0.645630376726821	0.525763997802094	0.677415986691837	-5.94146188160744
FA 22:4	0.162602374905294	-0.0918844159143273	0.644171939915767	0.526690106768706	0.677415986691837	-5.94238484713188
PC 18:0_18:3	-0.174646951643639	0.282134917501685	-0.643861808359753	0.526887156091425	0.677415986691837	-5.94258085475124
FA 22:6	0.187837884586508	1.85995118620976	0.643846737997837	0.526896732428656	0.677415986691837	-5.94259037713354
PC 16:0_18:3	-0.141529366524287	2.21883350520914	-0.642510772686961	0.527746040113846	0.677415986691837	-5.9434336736548
TG 52:1-FA18:0	0.153207998794011	2.05946700156415	0.642488852763667	0.527759981432314	0.677415986691837	-5.94344749609294
TG 54:1-FA16:0	-0.171716806116629	-0.214053053209098	-0.640942231499347	0.528744159524071	0.677415986691837	-5.9444216358453
PI 15:0_22:0	0.157908039261154	0.0653489455970832	0.632166443738839	0.534347521509086	0.683046039938085	-5.94990643684465
TG 56:6-FA16:0	-0.153191173114691	2.15221379483824	-0.630143918455701	0.53564346651924	0.683157017118217	-5.95116021358674
TG 52:2-FA14:0	-0.140147001806444	-2.01060911098334	-0.613800934691922	0.546177469408046	0.695023131116095	-5.96114972335957
TG 58:6-FA20:4	-0.150135730243037	-1.67909183624034	-0.60681137168773	0.550716153342253	0.699223880086232	-5.96534496434054
TG 46:3-FA18:2	0.148336822494998	-3.13918336735027	0.597159774345961	0.557016089358391	0.704283077245199	-5.97106193837989
TG 52:3-FA20:0	0.139060395954212	-1.43429405946552	0.596492811731238	0.557452830641643	0.704283077245199	-5.97145374076751
LPC 15:0	-0.134582762068372	-0.116026686582901	-0.594985688326506	0.558440386913007	0.704283077245199	-5.97233753509645
TG 52:3-FA16:0	0.143776449991093	7.34159493574934	0.589492243095111	0.562047741429083	0.707253839437488	-5.97554070079337
TG 51:5-FA18:2	0.234719551378066	-0.605837628075875	0.582704208906479	0.566521874394158	0.710645407316158	-5.97945912454689
TG 56:2-FA18:0	0.129403956943625	-1.36677123382076	0.581589210385958	0.567258546370951	0.710645407316158	-5.98009857322498
TG 50:1-FA16:1	-0.177384768278943	-1.66759959338132	-0.576763589027798	0.57045248079896	0.7130656009987	-5.9828524149434
TG 52:5-FA16:1	-0.139670780873377	3.81170265093123	-0.573869554883948	0.572372367259724	0.713886065125263	-5.98449332107694
TG 48:3-FA16:1	0.157991840337767	1.10461667329881	0.566862256257408	0.577034599088307	0.71811574556144	-5.98843337574963
PC 18:0_20:5	0.140588922388631	3.59864637002521	0.558075267558351	0.582908000688019	0.723830814041166	-5.99330791693341
TG 46:1-FA14:0	-0.15017257777498	-1.54195833017029	-0.548106673329582	0.589607325135292	0.730544163818947	-5.99874863877491
TG 46:2-FA16:1	0.170605720079749	-2.14649997027192	0.539521198256921	0.595407573057067	0.736116583757643	-6.00335826312349
TG 54:3-FA16:0	-0.123387740748022	2.71165470468459	-0.529767312098527	0.602030975136962	0.742680133083807	-6.0085095033584
PC 16:0_16:0	-0.121073769147074	5.37991060101626	-0.520465233594486	0.608380670870858	0.748878167847571	-6.01333706589574
PC 16:0_18:2	-0.116160701074948	9.17043414056537	-0.50974783919512	0.615736016477251	0.755350646331499	-6.01879601179292
TG 56:5-FA18:1	0.130119964786438	2.07305888861022	0.50891020568307	0.61631265125455	0.755350646331499	-6.01921800603907
PC 16:0_22:5	0.171363133649365	3.41937067312546	0.503700096754595	0.619905047634321	0.758108986825522	-6.02182764853955
TG 54:6-FA20:3	-0.124938947112975	-0.203623812567295	-0.493744570709183	0.626796580834235	0.764881356741562	-6.02674139973754
TG 48:2-FA12:0	0.117902201384818	-2.92170561841369	0.473992690996777	0.64057319772286	0.780008311882362	-6.03620698808446
PG 17:0_20:0	0.117470582437564	-0.590306040729995	0.471262657677443	0.642488026764299	0.780657494885653	-6.03748560106357
PI 17:0_20:4	0.112819725810582	-0.369263295066793	0.465891173868847	0.646263013144634	0.780721606065936	-6.03998026216367
PC 18:2_20:0	-0.10023393987096	2.76725464015206	-0.464103157979059	0.647521782805506	0.780721606065936	-6.04080446156495
TG 50:5-FA18:1	0.109394755585516	-2.56379597968247	0.463400155447462	0.648016996482283	0.780721606065936	-6.04112766698632
TG 54:2-FA20:2	0.142956019488113	-4.00566961721708	0.462152426926866	0.648896342077812	0.780721606065936	-6.04170013009774
TG 56:4-FA20:1	-0.107122696647593	2.25103827730986	-0.460924079804064	0.649762542992075	0.780721606065936	-6.04226222609124
TG 58:6-FA16:0	-0.103388306216492	-1.99095576156734	-0.459409003891075	0.650831639747002	0.780721606065936	-6.04295351427789
LPE 16:0	0.105739599362919	1.81149964167411	0.456633408740304	0.652792212180311	0.781414406529398	-6.04421416581807
TG 54:7-FA16:1	-0.106733323596263	1.23376777636937	-0.454211190709912	0.654505283557735	0.781808636807865	-6.04530820665372
TG 48:3-FA12:0	-0.10281219905307	-2.67563700831514	-0.449272545454246	0.658004114250305	0.784329798631693	-6.04752118993535
DG 18:1_18:2	0.148998414598824	2.53756532851177	0.443769639815231	0.661912209507549	0.787327154466875	-6.04995910180631
TG 53:6-FA20:4	0.105230278416599	-1.93932775261213	0.440267269293631	0.664404727287228	0.788631661590932	-6.05149539927755
PG 20:0_20:4	0.151359800607738	-0.699398957559255	0.435480685999066	0.66781763645195	0.791020890137006	-6.05357571116562
FA 18:4	0.119977198397217	-0.454243403188145	0.432556063511836	0.669906586343487	0.791835190970858	-6.05483581495596
FA 22:0	0.114485406974312	1.85659111213758	0.42605838323184	0.674557458303987	0.794669997016853	-6.05760559337183
TG 54:5-FA20:3	-0.111133640097136	1.86483248090681	-0.425276700433989	0.67511787357184	0.794669997016853	-6.05793603054926
TG 46:1-FA18:1	-0.0876986651703904	-2.98724889847481	-0.406228601437149	0.688833324274143	0.809128540987299	-6.06580391137543
TG 50:1-FA18:0	0.10456605397596	-0.649918385958014	0.394437321394021	0.697379400608636	0.816343144409316	-6.07049673519168
TG 54:6-FA16:1	0.10446056558342	0.684267294777726	0.393162272419923	0.698306033849534	0.816343144409316	-6.07099604533206
TG 46:1-FA16:0	-0.104803700250856	-1.38238376237847	-0.391781729774008	0.6993098794586	0.816343144409316	-6.07153487282649
TG 52:5-FA18:1	-0.0819790679615607	1.98989627727717	-0.378630108168331	0.708901053547623	0.825833186091561	-6.07657438159533
FA 24:0	0.0971622282349317	1.3076544343386	0.375571693196332	0.711138688735644	0.826735306863454	-6.07772202840547
TG 54:5-FA20:4	-0.0955711279914049	2.82011732798963	-0.372983167037192	0.713034632892973	0.827237305101704	-6.07868618523272
SM d18:1/24:1	0.0880748431496103	4.67699927301877	0.367753665458984	0.716870748807786	0.829983551386064	-6.08061397813291
TG 54:1-FA20:1	-0.100013434455704	-2.80045351698908	-0.352764692228448	0.727908285133691	0.841039225154469	-6.08599068497778
TG 54:3-FA20:2	0.0959075970627175	1.18704776211693	0.347215441594285	0.732010225977312	0.844052607504452	-6.08792524817122
TG 52:3-FA18:2	0.0815565400609485	7.09509345789471	0.34030967455565	0.737126400388919	0.848220806964845	-6.09029040243039
TG 56:5-FA20:4	-0.0704925856954677	0.580070304652184	-0.330458172249538	0.744446624006885	0.854240109159909	-6.09358316298458
TG 58:9-FA20:4	-0.076073719730652	-1.06029781985279	-0.325758761089226	0.747947369744699	0.854240109159909	-6.09512019986313
TG 48:4-FA16:1	0.0799915207786237	-2.27838627474991	0.325652742962262	0.748026410976369	0.854240109159909	-6.09515462408153
TG 54:4-FA20:1	-0.0730402237197601	0.624428101747838	-0.325144924954803	0.748405051387885	0.854240109159909	-6.09531935953433
PC 16:1_18:2	0.0727918698221622	4.03053341270895	0.322756332981824	0.750186912777219	0.854547592175663	-6.09609080406796
TG 48:1-FA14:0	-0.0851060375587946	0.69230647894343	-0.316690728001229	0.754718208348099	0.857773410540854	-6.09802452188515
TG 55:5-FA18:2	0.0894615727309261	0.627610198165788	0.313673323838714	0.75697575115574	0.857773410540854	-6.09897294848222
TG 56:5-FA16:0	-0.0838539059922431	-0.650006285577109	-0.312875106401396	0.757573330725462	0.857773410540854	-6.0992223398582
FA 24:1	0.0760224061528178	1.53970132550812	0.289036861204541	0.775489917593197	0.876303606880313	-6.10638012047424
TG 54:0-FA18:0	0.0741407513900806	-2.03958025568369	0.285493118969338	0.778164646693849	0.877570908946157	-6.10739620220432
TG 56:6-FA20:4	-0.0649268907316846	2.09064214287814	-0.275244248776341	0.785916053666141	0.884546952831414	-6.11026484276284
TG 47:1-FA15:0	-0.0605869017131677	-2.91448736050353	-0.272821925237883	0.787751474876881	0.884850066213595	-6.11092764614958
TG 54:3-FA20:1	-0.05989281966354	2.72375412270103	-0.264678215068367	0.793931295926085	0.890022186901266	-6.11311331378639
FA 17:0	0.0655047667396115	3.75532559847427	0.258907837428545	0.798318587900464	0.891309622264829	-6.11462220561262
TG 56:3-FA20:0	-0.0631873835135394	1.187736383769	-0.258614966224786	0.798541445759458	0.891309622264829	-6.11469790761684
TG 54:4-FA16:0	-0.0656618605268804	2.15864829588978	-0.256945233653394	0.79981235130667	0.891309622264829	-6.1151278782732
PC 17:0_18:1	0.0585529180326163	-0.620040350895099	0.245243744809712	0.808734673073899	0.896912490382754	-6.11806347252342
TG 56:6-FA20:3	-0.0660233362365615	1.08198483914027	-0.242832367330813	0.810576708549604	0.896912490382754	-6.11865152926045
PC 18:1_18:2	0.0552972738077696	6.16426234654809	0.242417615341604	0.810893648955443	0.896912490382754	-6.11875209171662
TG 49:2-FA17:0	0.0513605849813273	-2.806420036109	0.242030002422529	0.811189880682456	0.896912490382754	-6.11884591946151
PI 18:0_18:1	-0.06585495606452	-0.0895833922790552	-0.22855200965062	0.821508166657196	0.905065772533895	-6.12201563056929
PI 17:0_20:0	0.0572908141300863	0.677144701249701	0.228213592452659	0.821767683734315	0.905065772533895	-6.12209289462827
TG 47:2-FA18:2	0.0719252433264775	-2.19391630540229	0.224827192652627	0.824365713379717	0.905881614429221	-6.12285977230963
PG 18:1_18:2	0.0789420509968456	-1.66339602929459	0.221852817127097	0.826649349581153	0.905881614429221	-6.12352393559274
TG 52:4-FA20:3	-0.0552857904065741	-0.500809397506414	-0.218898211149536	0.828919369662358	0.905881614429221	-6.12417497135244
TG 50:3-FA18:2	-0.0517643483324396	4.64426066460779	-0.218895100401298	0.828921760460013	0.905881614429221	-6.12417565221662
TG 50:2-FA16:0	0.0507526397931176	6.10901818988425	0.210528713719249	0.835357925145525	0.910633034989214	-6.12597200121649
PI 18:1_18:2	0.0487470078889342	1.06020618342834	0.209054843263962	0.836493000282128	0.910633034989214	-6.12628123824039
TG 48:1-FA16:0	0.0566039495903791	2.40400584164413	0.201127380139248	0.842604416746391	0.915522106657136	-6.12790741603169
TG 54:4-FA18:2	0.0426780857339091	5.83032496146514	0.194485019537119	0.847733005735123	0.918214721993886	-6.12922177809069
LPC 18:3	0.0440225044394654	0.143646207919815	0.19353909486647	0.848463927489973	0.918214721993886	-6.12940537755606
TG 56:7-FA16:1	0.0511602293164996	-0.205889864133298	0.191606031679628	0.849958052394341	0.918214721993886	-6.12977780272654
CE 18:2	-0.046060509132162	9.47578722718745	-0.189136112809195	0.85186797273299	0.918521764492632	-6.13024823926135
SM d18:1/20:0	0.0417862143190464	3.73799687854513	0.186385056790276	0.853996388676663	0.918638353759884	-6.1307650640339
TG 56:4-FA18:1	0.043434996680369	2.60494934629134	0.184793934845439	0.855227918721591	0.918638353759884	-6.13106053476567
PI 16:0_20:4	-0.0416857367745481	2.50591195344664	-0.173495898279158	0.863983338420172	0.926281947262614	-6.13308596335483
FA 20:5	-0.0420120281927607	1.05726734158782	-0.165436039667869	0.870240397604723	0.930700166528859	-6.13445304735233
TG 48:4-FA16:0	-0.0365140805644767	-2.72752067266186	-0.163944975972321	0.871398916980117	0.930700166528859	-6.13469884973142
TG 50:5-FA16:1	-0.0394539087108367	-0.641858962448551	-0.149099512825871	0.882949234813561	0.939146470343875	-6.13702505805139
TG 56:4-FA20:4	0.0440891384283728	-2.40315894132182	0.148442422704022	0.883461114363165	0.939146470343875	-6.1371229340214
TG 51:4-FA18:2	0.0549476388569031	1.91730130746192	0.147373833097745	0.884293667651224	0.939146470343875	-6.13728118327177
TG 56:4-FA18:0	0.0327235441669889	-0.963617380325589	0.143887000369179	0.887011259256464	0.940265218536401	-6.13778961983939
SM d18:1/22:0	0.0301935545348685	4.40326402972666	0.134371587415652	0.894434621943594	0.946358729209983	-6.13911530616151
PC 16:0_20:2	-0.0288018671165517	1.50676123284911	-0.123659835128038	0.902803177503607	0.953427654746799	-6.14049937669335
TG 52:3-FA20:2	0.0265091752778344	-0.899180787779516	0.108388742218967	0.914753585468685	0.964245850354117	-6.14227415746213
PC 16:0_20:5	0.0271615990195492	4.86480062427195	0.105425241577767	0.917075170999279	0.964892870790676	-6.14259154038995
PI 16:0_18:1	-0.0251653737636364	-0.199598292937102	-0.10313443721337	0.918870293478097	0.964984601886849	-6.14283085720856
TG 46:2-FA16:0	0.0210361884410727	-2.31198014984159	0.0925351971973657	0.927181718174594	0.967931423664759	-6.14386977597126
PC 18:0_18:2	-0.0206967787293573	7.90980516377037	-0.0914575376704094	0.928027263401326	0.967931423664759	-6.14396910841249
PC 14:0_18:1	-0.0243664832802924	0.34710326754701	-0.0914521911593802	0.928031458559934	0.967931423664759	-6.14396959832482
DG 16:0_16:0	0.0214047747498368	-1.24697861037154	0.090137857188238	0.929062820283178	0.967931423664759	-6.14408916538511
FA 15:0	0.0218046171908693	3.79497849271292	0.0851034845355729	0.933014476846658	0.967931423664759	-6.14453115111759
TG 58:6-FA22:4	0.0217504668544169	-1.63520437463039	0.0838810196348071	0.93397430465436	0.967931423664759	-6.14463464669434
TG 56:1-FA16:0	-0.0183516153829821	-1.73132892070031	-0.0827389683051506	0.934871088437488	0.967931423664759	-6.14472998241936
PC 16:0_20:1	-0.0191310476996774	0.808486733847207	-0.0820889892976665	0.935381517382227	0.967931423664759	-6.1447836579675
TG 58:10-FA20:5	-0.0226554413094253	-0.126153356444985	-0.0771638012692064	0.939250183259978	0.96999957194599	-6.14517663405666
TG 54:1-FA18:0	0.016475382767156	-0.494745710351506	0.0751715306438386	0.940815527537099	0.96999957194599	-6.14532869490618
TG 48:1-FA16:1	0.0198135771670796	0.806114203090147	0.0729891085449784	0.942530557519201	0.96999957194599	-6.14549070685586
TG 50:3-FA16:0	0.0154018864166173	4.79730071244532	0.062139465815529	0.951060704779176	0.976998724000426	-6.14622531902796
TG 56:6-FA18:1	0.0133387629972364	2.73507913682653	0.0563736863967854	0.955596367349715	0.979876492835915	-6.14656772720264
LPC 20:5	-0.0164557711852774	0.702054438446699	-0.0533236561879997	0.957996315711426	0.98045604601654	-6.14673538787183
TG 52:1-FA18:1	0.0122671620092289	1.72527091782096	0.0512449536388699	0.95963220079141	0.98045604601654	-6.14684431368485
HexCER d18:1/24:0	-0.0100255037963212	-1.12761876058026	-0.0418659738963552	0.967015380960133	0.986216047369089	-6.14728194217692
TG 52:1-FA16:0	0.00919710557133607	2.0122298516227	0.0375417122604457	0.970420527467838	0.987905582016808	-6.14745402497735
TG 55:7-FA22:6	-0.00837626171454328	0.515796716384327	-0.0338029166215899	0.973365117891964	0.988975838704785	-6.1475877038588
TG 58:8-FA20:3	-0.00838732954009408	-2.39615046674481	-0.0317620304028665	0.974972640988611	0.988975838704785	-6.14765476404965
TG 51:4-FA18:3	0.00958549874427653	-1.09505177396244	0.0288267360303229	0.977284842951517	0.989544688651626	-6.14774389356385
TG 56:3-FA20:2	-0.00506672956149449	-2.94492396354774	-0.019977701742918	0.984256597567495	0.994821069097737	-6.14796033469056
PG 18:2_20:0	0.00417435713926901	-1.40427434588445	0.0130613016534868	0.989706646510348	0.997223167220399	-6.14807485935685
TG 51:5-FA18:3	-0.00467681325677084	-1.33159316147053	-0.0124819708555821	0.99016318019583	0.997223167220399	-6.14808227583747
TG 56:5-FA22:4	-0.00129388012272041	-0.278299744493949	-0.00473823922486469	0.996265790636219	0.99958608152873	-6.14814910793795
FA 18:0	-0.000514765220769869	6.20985821434316	-0.00205747943740455	0.99837849397305	0.99958608152873	-6.14815823837067
TG 49:1-FA15:0	0.000455554069442007	-0.690351955266563	0.00172432196372921	0.998641056128257	0.99958608152873	-6.14815886983171
TG 56:7-FA20:5	0.000129834900826021	2.58773896118138	0.000525208133561526	0.99958608152873	0.99958608152873	-6.14816022175034
