logFC	AveExpr	t	P.Value	adj.P.Val	B
HexCER d18:1/22:1	1.96091628322098	-1.44959323116245	6.22911971221476	2.47194425441502e-05	0.0139664850374448	2.8560838557342
HexCER d18:1/20:0	2.05306157264009	-2.18682130048171	5.64134929474597	6.70103592942625e-05	0.0189304265006292	1.95123931164293
HexCER d18:1/22:0	1.41574811403191	0.247953048983185	5.07242017851453	0.000184095008192902	0.0346712265429965	1.02225446046811
TG 54:7-FA20:5	-0.892652343712767	3.57660778339938	-4.44875213494089	0.000584926897686755	0.0574693000468567	-0.0509548342866815
TG 55:1-FA16:0	-0.766163902498934	2.94799121074231	-4.31275680471118	0.000757165922931074	0.0574693000468567	-0.291560353922375
TG 56:9-FA18:3	-0.887764400365075	-0.507718106533989	-4.27428288718842	0.000814805652734033	0.0574693000468567	-0.359998366265846
TG 56:8-FA16:0	-0.790394419810188	3.07918936787828	-4.26182856251684	0.000834415256640836	0.0574693000468567	-0.382185617295681
TG 53:0-FA16:0	-0.768223803305638	1.91415178359425	-4.24474045631605	0.000862112780016315	0.0574693000468567	-0.412653923807293
TG 56:8-FA18:2	-0.761034496476869	3.12789772564887	-4.21337203117645	0.00091544017773754	0.0574693000468567	-0.468661231028746
TG 58:10-FA22:5	-0.804250215453255	-1.05891467179493	-4.05319851405337	0.00124552527157134	0.0659018363378794	-0.75610286317878
PI 18:1_20:4	0.873257001957519	2.01824327170864	4.02486379973818	0.00131556112392189	0.0659018363378794	-0.807186063672958
TG 54:3-FA18:1	0.824667960343661	6.42211342403874	3.96427671334051	0.00147914113646435	0.0659018363378794	-0.916629098343718
HexCER d18:1/24:1	1.36104633384445	0.222648594177026	3.95146085671501	0.00151632543786271	0.0659018363378794	-0.939814914695061
TG 54:8-FA20:5	-0.783669279395732	1.39384289503793	-3.85927116596084	0.0018134939511606	0.0691651614315823	-1.10693537603789
TG 56:3-FA20:1	0.664084445728371	1.82610519715847	3.84983141596586	0.00184709677801923	0.0691651614315823	-1.12407871520002
TG 56:8-FA22:6	-0.672772795462769	5.66437886188968	-3.81969965773297	0.00195865943877047	0.0691651614315823	-1.17883578547809
TG 53:2-FA18:1	0.770576665693833	1.97671757769648	3.75054678296707	0.00224134191242349	0.0721758769696593	-1.30469199528125
TG 56:8-FA20:5	-0.733899605226204	2.76282551613193	-3.73744397970945	0.00229940846982985	0.0721758769696593	-1.32856554351417
TG 52:6-FA16:0	-0.895545458066973	0.121329253908878	-3.63050977337281	0.00283415690163003	0.0808587329368182	-1.52366533912462
TG 56:6-FA18:0	-0.649861454089835	-0.406311746922962	-3.6148818134298	0.00292224051637038	0.0808587329368182	-1.55221142544834
TG 52:5-FA22:5	-0.700306259648939	-1.70493099269825	-3.58940249618747	0.00307182969966668	0.0808587329368182	-1.59876629931971
TG 54:8-FA22:6	-0.673617618327617	1.58671252410549	-3.56794055949674	0.00320382740664892	0.0808587329368182	-1.63799286498247
PI 18:0_20:3	0.825941624694391	2.51725833368963	3.55415923708247	0.00329159443813596	0.0808587329368182	-1.6631864288225
TG 56:7-FA18:2	-0.637507606510465	2.18862889813447	-3.46694675264298	0.00390616770470306	0.0817458761159038	-1.82268202948
TG 58:10-FA22:6	-0.858417757640216	3.26743625268336	-3.45737163817309	0.00398033354996193	0.0817458761159038	-1.84019694920929
TG 52:7-FA20:5	-0.736709346504712	-0.513333161178075	-3.45217684317527	0.0040211624834788	0.0817458761159038	-1.84969942719272
TG 54:2-FA18:1	0.567348193690542	3.19948816260037	3.4449494967033	0.00407866876719618	0.0817458761159038	-1.86291996329828
PC 18:1_20:4	0.896221569499164	4.40236615767389	3.43882104783348	0.004128079494893	0.0817458761159038	-1.87413035841079
TG 53:2-FA17:0	0.57887306591676	0.398724589065192	3.41678341107323	0.00431078835113554	0.0817458761159038	-1.91444184435481
TG 58:9-FA22:5	-0.653007981505631	0.19494499545612	-3.39505555794397	0.00449889008673957	0.0817458761159038	-1.95418433757203
TG 56:7-FA18:3	-0.584908586167773	-1.26386095626348	-3.39139372532071	0.00453139389777641	0.0817458761159038	-1.96088184910097
TG 56:3-FA18:1	0.561990538654113	2.61098958032955	3.38046016688468	0.00462985493045827	0.0817458761159038	-1.9808785944619
TG 56:8-FA18:3	-0.605679814300901	-0.943139798170045	-3.36400599197618	0.00478209617644402	0.0818752830209354	-2.01096951561208
TG 56:9-FA22:6	-0.612637610501663	3.29619081589478	-3.33470588982547	0.00506574049063403	0.0831358834995271	-2.06454244114711
TG 52:4-FA20:0	-0.652186385595898	-1.22855848138322	-3.32512203698773	0.00516213345747008	0.0831358834995271	-2.08206226600289
TG 56:7-FA18:0	-0.547275679871077	-1.35845156691385	-3.31199502826491	0.00529715363890792	0.0831358834995271	-2.10605589540983
TG 55:3-FA18:1	0.753869810050458	0.977636633506456	3.27694773075375	0.00567522253011512	0.086662181878785	-2.17009383600775
TG 52:3-FA16:1	0.78932869078899	4.83245809630295	3.2233720122962	0.00630598655115419	0.0909703610376465	-2.26790972110818
PC 18:1_18:1	0.844079772047505	3.02542893539761	3.21705411506487	0.00638484249423575	0.0909703610376465	-2.27943729301925
TG 52:6-FA20:5	-0.755829943315147	0.639999109782328	-3.19328404039077	0.00669044355725391	0.0909703610376465	-2.32279203549665
TG 52:7-FA22:6	-0.603155737245529	-1.59042206541206	-3.19186067177416	0.00670919941505001	0.0909703610376465	-2.32538731142333
TG 56:5-FA18:0	-0.487324607182961	-0.44222812565539	-3.18530789354748	0.00679622455682665	0.0909703610376465	-2.33733393592407
LPC 18:1	0.7606966440744	5.77019695870734	3.17588022689357	0.00692340800817487	0.0909703610376465	-2.35451810897263
TG 52:4-FA16:0	-0.667536107471216	6.02191057984617	-3.14471565441323	0.00736094895977881	0.0945212764153416	-2.41128919439998
TG 54:3-FA16:1	0.694956728584813	0.73146403083349	3.12797210313385	0.00760728071990876	0.0947050346128576	-2.44176708842139
TG 56:9-FA20:5	-0.812233155444538	2.10524536477142	-3.12111602536593	0.0077104983932592	0.0947050346128576	-2.45424207112122
TG 55:2-FA18:2	-0.616455390067436	1.67606210851547	-3.10706603638912	0.00792639042914732	0.0952853317546433	-2.47979730463252
TG 53:1-FA17:0	0.65296118911529	-2.5712376190289	3.08257434045933	0.00831718597434413	0.095743314947762	-2.52431282639666
TG 56:4-FA20:2	0.593556677791586	0.388484986132163	3.07802417954679	0.00839186900141191	0.095743314947762	-2.53257840939197
TG 53:1-FA18:1	0.7073062264176	-0.341818472986112	3.06836150511727	0.00855267958842403	0.095743314947762	-2.55012605039355
TG 58:8-FA18:2	-0.542781731458254	0.979551230948535	-3.06305338733695	0.00864231692448825	0.095743314947762	-2.55976272561738
TG 51:1-FA18:1	0.727617710540946	0.312372156909572	3.04990914395726	0.0088683117353175	0.0963576178933536	-2.58361618701991
PI 18:0_20:4	0.651335830483944	5.98340758449057	3.02781239944142	0.00926150470699921	0.0975344285639126	-2.62368481110757
TG 52:6-FA22:6	-0.555980948960121	-0.763226008881391	-3.01912886684783	0.00942070411402586	0.0975344285639126	-2.63941967818779
TG 51:1-FA16:0	0.687882317396902	0.544931195047485	3.01515273013706	0.00949450189560211	0.0975344285639126	-2.64662239697419
PC 16:0_20:4	0.664241947438559	7.24582994204624	2.99911960989584	0.00979792801448027	0.0988540951460956	-2.67565191692476
TG 58:10-FA18:2	-0.694027023195916	1.7103159490359	-2.98707205140515	0.0100322199528282	0.0988586027172444	-2.69744971731228
TG 52:5-FA18:3	-0.663106807030983	3.65688852163931	-2.98120489806355	0.0101483167391154	0.0988586027172444	-2.70806028204627
TG 56:8-FA22:5	-0.510764682074732	0.693556924066697	-2.95446383526886	0.0106944906687161	0.100989502352538	-2.75637802332593
PC 17:0_18:1	0.603604357481387	-0.317233995645782	2.95303157734704	0.0107245489223935	0.100989502352538	-2.75896390429604
TG 54:0-FA16:0	-0.561289277749258	-0.790047903227717	-2.93212524261908	0.0111729071866721	0.103486763286389	-2.79668497857238
CE 20:3	0.712523429624258	4.26111098875923	2.91705083275205	0.0115076104167014	0.104867740087682	-2.8238543622112
TG 52:5-FA16:0	-0.723074421373929	3.31924302292187	-2.90059907264732	0.0118841715568843	0.104946152805618	-2.85347714267073
TG 54:2-FA20:1	0.603661704004762	2.41443587440594	2.9004471069445	0.0118877058045302	0.104946152805618	-2.85375062491818
CE 22:2	1.27701755221115	2.95757209555644	2.88061784674424	0.0123578547007418	0.107418275475679	-2.88941263061588
TG 54:7-FA22:5	-0.581914346914292	-1.08663606216781	-2.85679380322476	0.0129469404201754	0.108229568552106	-2.93219581274481
TG 54:6-FA16:0	-0.532025112698468	2.55495481502944	-2.85522492469932	0.0129866871057631	0.108229568552106	-2.93501070140357
PC 16:1_18:1	0.717646069937842	3.39211010616002	2.8536833178124	0.0130258595779525	0.108229568552106	-2.93777635249796
TG 54:6-FA20:5	-0.569641832155802	3.24778047954967	-2.81418058319178	0.0140701325458692	0.109937536859168	-3.00853773533336
TG 56:6-FA20:5	-0.451708649240425	-0.798900366189783	-2.80970227015891	0.0141935770361533	0.109937536859168	-3.01654638872496
TG 51:2-FA16:1	0.62972594773256	-0.958486459696753	2.80412669971687	0.0143487506555315	0.109937536859168	-3.02651336100883
TG 52:6-FA18:3	-0.611480640991347	1.42543157979889	-2.80396932079048	0.0143531546879272	0.109937536859168	-3.02679463027599
TG 56:7-FA20:3	-0.489560215668603	-0.0269462367571231	-2.7923927688756	0.0146807632324367	0.109937536859168	-3.04747467877081
TG 55:2-FA18:1	0.518807495924026	0.0697607481567907	2.79120814117981	0.0147146973006439	0.109937536859168	-3.04958977975377
PC 18:1_20:3	0.749122478368786	2.6316857622576	2.78912744532772	0.014774485430512	0.109937536859168	-3.05330427823317
LPC 20:3	0.715044733617655	3.04896774270855	2.78187178133494	0.0149848397535087	0.109937536859168	-3.06625228157508
TG 48:0-FA14:0	-0.465061456322054	-3.30601289387879	-2.77936406999989	0.0150582216101481	0.109937536859168	-3.07072558437872
TG 52:4-FA18:2	-0.548769080489109	6.8933024191166	-2.7660208507733	0.0154546245329335	0.109937536859168	-3.09451168253192
PC 17:0_20:4	0.640825663185836	1.52539231564573	2.76227360648029	0.0155677705176168	0.109937536859168	-3.10118681543031
CE 24:0	1.2783893724693	4.40901026947812	2.76046607414134	0.0156226368889724	0.109937536859168	-3.10440588586074
TG 56:8-FA20:4	-0.58845474438213	1.4031777019055	-2.75592798337663	0.0157612211342454	0.109937536859168	-3.11248564813405
PC 18:1_22:6	0.71362189409612	4.33974753180423	2.74239195082054	0.0161817524329417	0.109937536859168	-3.13656659728395
TG 56:7-FA22:5	-0.493273517541731	2.76488966148819	-2.74046525338543	0.016242493544771	0.109937536859168	-3.13999189545159
TG 52:5-FA20:5	-0.675448934660652	0.0667502887966151	-2.73723922676575	0.0163446957454339	0.109937536859168	-3.14572582796227
TG 60:12-FA22:6	-0.576330669239552	1.65952334491135	-2.73024293811827	0.0165685017637731	0.110131805841551	-3.15815528067994
TG 56:6-FA20:2	-0.496419722573198	-0.589180270182706	-2.70117374448024	0.0175308189975619	0.115173403879331	-3.2097129537981
TG 52:2-FA18:1	0.55637249279444	7.44177828635643	2.68114716964222	0.0182252178690237	0.117074300970103	-3.24514916839028
TG 54:6-FA22:6	-0.465911891226208	1.79778314275931	-2.67062661459862	0.018600647715823	0.117074300970103	-3.26373671688686
PI 16:0_18:2	-0.526967469328013	2.18408463306949	-2.66465308971499	0.0188171484901095	0.117074300970103	-3.27428184061768
CE 14:1	1.14071931083788	-0.446858508383187	2.66159368181721	0.0189289775503091	0.117074300970103	-3.279680148322
TG 50:2-FA14:0	0.54785355851819	2.15238384014086	2.66063215769941	0.018964256768093	0.117074300970103	-3.28137640104468
PC 18:1_20:0	0.680717141472752	0.750550993411492	2.65749078083643	0.0190799623707748	0.117074300970103	-3.28691702063787
SM d18:1/26:0	0.869620871074303	-0.150564914973965	2.64636200270124	0.0194954052906272	0.117074300970103	-3.30653086479936
TG 53:1-FA18:0	0.577253481671517	-1.53039304455595	2.64150722497213	0.0196793736497064	0.117074300970103	-3.31507993213174
TG 52:2-FA16:1	0.524036874940323	0.69478581888778	2.64135788332988	0.01968505945515	0.117074300970103	-3.31534284674239
TG 56:7-FA20:4	-0.413216230987727	2.16731855298197	-2.61793591686737	0.020596779539286	0.121220629580173	-3.35652452550534
CE 24:1	1.15155225487596	2.21207865935553	2.61034412132986	0.0209009773483612	0.12145791818036	-3.3698500534897
TG 58:7-FA18:2	-0.434128594641525	-0.868283867174939	-2.60624480895273	0.0210670371357085	0.12145791818036	-3.3770406722075
TG 56:9-FA20:4	-0.660609088720952	-0.407452008190913	-2.5959602032409	0.0214892957217938	0.122316902280342	-3.39506621851415
TG 58:9-FA18:2	-0.55286551345738	1.9311443649248	-2.58926853109289	0.0217684203707121	0.122316902280342	-3.40678310523599
TG 58:8-FA20:4	-0.451579561089841	-1.87783296117207	-2.58696060580733	0.0218654993456895	0.122316902280342	-3.41082209363787
PC 16:1_18:0	0.639197474507282	-0.336794497553549	2.58124355981886	0.0221077821901322	0.122459773896321	-3.42082252623477
PC 14:0_20:4	0.522252400113244	0.181978733074928	2.57444887210019	0.0223991077338329	0.122811368700704	-3.43269924225387
TG 52:2-FA14:0	0.434792562735097	-1.69119824179359	2.56967538270943	0.0226059864511031	0.122811368700704	-3.44103728255523
TG 57:3-FA18:2	-0.621723281812444	1.59996027216208	-2.5641355035156	0.0228483921858887	0.122946110333592	-3.45070801710423
TG 52:5-FA18:2	-0.505535293817902	4.56482131207652	-2.55340369532683	0.0233251319627806	0.124327354329915	-3.46942359050118
PC 18:2_20:4	0.530929226209345	3.04188204717908	2.54279143881668	0.0238059837307169	0.124357698143366	-3.4879063692017
TG 52:6-FA16:1	-0.513704444572515	1.27143142768368	-2.54199195763864	0.0238425933754877	0.124357698143366	-3.48929779177006
TG 52:2-FA16:0	0.517604812942032	6.72184990824542	2.5341860712355	0.0242028997275574	0.124357698143366	-3.50287585788432
TG 60:10-FA22:6	-0.524470117534386	0.129518739389451	-2.53400685575937	0.02421123326685	0.124357698143366	-3.50318743963234
LPC 20:2	0.610029611523268	0.299876212702594	2.52173278583746	0.024788597994308	0.125224663359909	-3.52451001759165
TG 58:10-FA20:5	-0.537672993622989	-0.41227421884141	-2.51640737213437	0.0250432020643892	0.125224663359909	-3.53375086428945
CE 22:4	1.15395873410263	0.0559697351116388	2.51187469255015	0.0252618853995783	0.125224663359909	-3.54161107737546
TG 54:6-FA20:4	-0.472096627891783	3.03745888966929	-2.51177802305329	0.0252665692443003	0.125224663359909	-3.54177866309653
TG 56:5-FA20:4	-0.381710889659211	0.407171246894549	-2.48027020899091	0.0268384668508136	0.130233429518772	-3.59628538342725
SM d18:1/24:0	-0.471284361412154	2.73277642191873	-2.47941047722204	0.0268826467268239	0.130233429518772	-3.5977694066696
TG 51:3-FA16:1	0.59889929972663	0.169613885836592	2.4777399258209	0.0269686924844182	0.130233429518772	-3.60065252014113
TG 52:4-FA18:3	-0.483846724540436	3.62277835536466	-2.47194662519882	0.0272691407028179	0.130312681280917	-3.61064569152196
TG 53:2-FA16:0	0.681662551433958	1.21882392369606	2.46855754066858	0.0274463877388127	0.130312681280917	-3.61648796405667
TG 50:4-FA18:3	-0.55715846037864	0.524895801644357	-2.46297509255144	0.0277407554657632	0.130612723651302	-3.62610520829254
PC 16:0_22:6	0.610449527051077	7.55116482243382	2.42262591445076	0.0299600494875026	0.139896098846603	-3.69538819697963
CE 18:4	0.592954422153739	0.225677117598525	2.40954429231104	0.0307152809954842	0.141869082227655	-3.71776176953039
SM d18:1/26:1	0.916548898780501	0.773849157388922	2.40575437462695	0.0309374528115781	0.141869082227655	-3.72423537088182
TG 60:11-FA22:5	-0.47433563210647	-1.50288383607494	-2.39658550082092	0.0314813035329758	0.141869082227655	-3.73988120171046
HexCER d18:1/16:0	0.905918445521833	-0.683798155175731	2.39550730564776	0.031545852021925	0.141869082227655	-3.74171957981826
PC 18:0_22:6	0.55028418924572	5.39779344801812	2.39222690171056	0.0317430168306793	0.141869082227655	-3.74731093437069
TG 60:11-FA22:6	-0.491924798743756	0.763163045565584	-2.38980794770243	0.0318891565361278	0.141869082227655	-3.75143213247032
DG 18:1_18:1	0.6624755203828	0.706031223936677	2.38217291946936	0.0323546362653839	0.142815386640171	-3.76442971146369
TG 54:2-FA16:0	0.486086112073062	2.53296368758627	2.36000886243467	0.0337427973244487	0.146358186764139	-3.80207111547966
CE 22:0	0.651522247504087	0.0993373898627091	2.35937560711393	0.0337832788184782	0.146358186764139	-3.80314458971742
TG 54:7-FA20:4	-0.421644958190592	0.76736051289942	-2.35398585625066	0.0341296962238054	0.146358186764139	-3.81227659981451
PC 18:0_20:4	0.581635717999019	6.01346336769851	2.35300011252333	0.0341934170847193	0.146358186764139	-3.81394589549057
TG 54:3-FA20:3	-0.640291438118585	-3.19101741687737	-2.32343914984608	0.0361576044875794	0.153601853650243	-3.86387748456326
TG 58:9-FA20:4	-0.451176103887816	-1.26868803327343	-2.31658019541357	0.0366283921957696	0.15410213853691	-3.87542701683166
TG 58:9-FA22:6	-0.508441281157994	4.38498714727849	-2.3092870804106	0.0371353414493374	0.15410213853691	-3.88769249333518
TG 50:4-FA16:0	-0.504828714133743	0.847501703472117	-2.30661052939256	0.0373230497299279	0.15410213853691	-3.89218995005668
CE 20:4	0.599006691233638	8.750382450856	2.30599478231361	0.0373663592558526	0.15410213853691	-3.89322430066503
PC 18:1_20:5	0.516563462840303	2.13202690914312	2.3012176023268	0.0377039877006582	0.154367775730956	-3.90124532437747
TG 52:5-FA16:1	-0.422579211969485	3.65453130032228	-2.29626527024371	0.0380570379475891	0.154692276549553	-3.90955324485714
TG 56:6-FA18:2	-0.408268052592021	1.50248207535506	-2.28378433221773	0.0389607033479353	0.155490641864114	-3.9304582388868
TG 56:5-FA20:3	0.424265717449298	0.912224786647245	2.28187836485366	0.0391004724229385	0.155490641864114	-3.93364648806763
DG 16:0_18:1	0.500952345480261	0.39120885310693	2.27856548217793	0.0393445404160922	0.155490641864114	-3.93918554627021
TG 54:7-FA22:6	-0.431271543040121	2.97133171435212	-2.2784338371471	0.0393542686487935	0.155490641864114	-3.93940558414049
TG 55:4-FA18:1	0.694456620216013	0.903981067082494	2.27438073922658	0.0396548948649342	0.155590386101999	-3.94617752544931
TG 51:2-FA16:0	0.434139252790177	2.2011168969903	2.26266095412426	0.0405364017573117	0.157952186157801	-3.96573047681566
TG 54:5-FA22:5	-0.407968704565563	-0.702389240955885	-2.24582849690194	0.0418347967722234	0.161054665276015	-3.99373813227277
TG 54:4-FA20:4	-0.399045929867049	-0.990722118065118	-2.24408156543438	0.0419717672684057	0.161054665276015	-3.99663973245126
CE 15:0	0.487941804499371	1.80759851959919	2.24133750454673	0.0421877707271684	0.161054665276015	-4.0011955698192
CE 22:6	0.514249318244353	6.91038113210883	2.21910333520946	0.0439768889513212	0.166758001728164	-4.03802050628809
TG 57:2-FA18:1	-0.460602172546815	1.99991784510229	-2.21056763214108	0.0446824570402645	0.166985949629253	-4.05211478570638
CE 14:0	0.510154085949242	2.88611500525536	2.20815380082937	0.0448839029048622	0.166985949629253	-4.05609617722674
TG 53:2-FA18:2	0.629181412896727	0.755629621947131	2.20767868528205	0.044923653705569	0.166985949629253	-4.05687960887529
PC 18:0_20:2	0.555362308954761	0.0592442626086946	2.19957481060791	0.0456067683728423	0.168417151180757	-4.07023075001664
TG 56:6-FA22:6	-0.458501772528349	-0.555505831596261	-2.17257401202429	0.0479535947352753	0.175781263038235	-4.11455478477568
TG 58:7-FA20:4	-0.355034591310797	-1.64654817636381	-2.16955187970801	0.048223178355622	0.175781263038235	-4.11950035409383
PC 16:0_20:3	0.534226684521733	5.59818075439481	2.15673173916423	0.0493825770998078	0.178853564496099	-4.14044462256101
TG 51:1-FA17:0	0.411541907992946	-0.216446660740424	2.14926856498639	0.05006943098521	0.180186168832125	-4.15261071812136
TG 54:2-FA18:0	0.337133472464128	2.19423199680925	2.14398657739373	0.0505609123347939	0.180803262463029	-4.16120926215683
TG 52:4-FA20:4	-0.406716844140766	-0.054329686995384	-2.13705737617119	0.0512124770054341	0.181981443446983	-4.1724742564825
SM d18:1/20:1	0.471562935668078	0.186836922483306	2.13257313116449	0.0516382931879371	0.182347722819903	-4.17975526247103
PC 18:2_20:3	0.484445872890345	1.16337268621712	2.12621870191519	0.052247339471817	0.183352464606066	-4.19006046366655
TG 54:8-FA18:2	-0.562683938061486	0.605198354746599	-2.11773085323903	0.0530712816690571	0.18509428483344	-4.20380267793609
PC 18:0_18:1	0.474243200642278	4.26726230597364	2.11362582583569	0.0534740838259962	0.185354953139189	-4.2104394757427
TG 54:4-FA18:0	-0.554148798182005	2.99944231075762	-2.10325084696859	0.0545047990367878	0.18547562258207	-4.22718559066293
TG 51:0-FA16:0	0.439366342814751	-0.512953726900482	2.10244906371295	0.0545852152146881	0.18547562258207	-4.22847808217526
PC 14:0_18:1	0.5338490172015	0.657222990036895	2.09868928279632	0.0549637776917667	0.18547562258207	-4.2345357425098
TG 52:6-FA14:0	-0.393289413950043	-1.64290499669965	-2.09746041242209	0.0550880360101177	0.18547562258207	-4.23651452520811
TG 58:9-FA18:1	-0.435814889424015	2.15703543212399	-2.09684586969972	0.0551502736173235	0.18547562258207	-4.23750387846508
PI 18:0_18:2	-0.440339690494823	2.96486662956917	-2.08740584003635	0.0561145295944214	0.18760182970916	-4.25268362908231
TG 60:10-FA22:5	-0.456050748660176	-2.18764074236022	-2.08278389648772	0.0565923090123728	0.188086203482298	-4.26010357698486
TG 51:2-FA18:1	0.367335711254834	2.16464088174971	2.0659198031642	0.0583676640520182	0.19257341269715	-4.28710787431231
TG 58:8-FA22:5	-0.377789923047038	1.29045724231457	-2.06117526033101	0.0588763344705168	0.19257341269715	-4.29468560055263
TG 52:6-FA18:2	-0.502831622163436	1.5616571059111	-2.0603525246087	0.0589649564541716	0.19257341269715	-4.29599874442052
TG 49:0-FA16:0	0.45794347752698	-0.297784544532718	1.98624428786546	0.067470351863721	0.217990481165497	-4.41317925984205
TG 54:7-FA18:1	-0.401009134353072	0.825308626783729	-1.98427098501249	0.067711478304352	0.217990481165497	-4.41626893359438
PC 16:0_16:1	0.438184535331034	2.78778619017545	1.98166664866235	0.0680309196477624	0.217990481165497	-4.42034415454944
PC 16:0_20:2	0.483192989333596	1.79120281976586	1.97955594445568	0.0682908233031735	0.217990481165497	-4.42364486919439
TG 49:3-FA15:0	-0.379105828424162	-1.19723450849981	-1.97575956454713	0.0687605790463611	0.218256894164011	-4.42957694215118
CE 20:0	0.860569725741446	4.96352533426406	1.96541740444769	0.0700553035551134	0.219578981776271	-4.44570640500095
PC 16:0_18:1	0.450132818750035	7.26508292256775	1.96412102498548	0.0702191555072443	0.219578981776271	-4.44772502499098
HexCER d18:1/24:0	0.548252160037529	-0.817464502894784	1.96091372397613	0.0706260357059497	0.219578981776271	-4.45271611134544
PC 18:0_20:0	0.591576998381563	1.53118254284696	1.96008406124471	0.0707316366075776	0.219578981776271	-4.45400648955191
TG 49:2-FA14:0	0.338923677584775	-2.26176139204195	1.95585942976752	0.0712715906232221	0.22004616777115	-4.46057252045135
TG 56:2-FA20:0	0.475105492318746	0.704029551823185	1.9477414749555	0.0723197071280339	0.222068665909452	-4.47316818083727
SM d18:1/18:1	0.450825496716212	-0.0842463448305263	1.93321427335803	0.0742303973621372	0.226703645997879	-4.49563721356668
TG 56:6-FA18:3	-0.377484069828927	-0.697179455962149	-1.91870944737153	0.0761837874956496	0.231418494274419	-4.51797959816044
Cer d18:1/24:0	-0.333138668657682	-0.766107919742921	-1.91452114041629	0.0767564458521388	0.231803464735164	-4.5244137352798
CE 22:1	0.745361320067828	-0.00103897177786432	1.91060835182427	0.0772949546453102	0.231803464735164	-4.5304175709149
TG 51:2-FA18:2	0.556020192990857	1.50699327588221	1.90823130610983	0.0776237710713164	0.231803464735164	-4.53406160790392
CE 20:5	0.475334671638309	6.61097961097797	1.90587040333122	0.0779516076100553	0.231803464735164	-4.53767839673329
FA 20:5	-0.414757865438038	0.850186320896002	-1.89861294557499	0.0789672445063506	0.233594204953341	-4.54878080818658
PC 18:0_20:3	0.453520942594164	4.1582719459194	1.88431020739331	0.0810039181353278	0.23837090492948	-4.57059135678014
TG 52:2-FA20:1	0.401707308916947	-0.0809088649000971	1.87708404691624	0.08205083130843	0.239125418576903	-4.58157522407744
TG 56:7-FA22:4	-0.383777043561291	-1.9460607272724	-1.87483191297603	0.0823796014520205	0.239125418576903	-4.5849936003812
TG 52:8-FA16:1	0.412761564421651	-3.00787193760398	1.87380427578337	0.0825300117212319	0.239125418576903	-4.58655261201674
TG 49:1-FA17:0	0.367970585284272	-2.63962790520156	1.85035171207549	0.0860305594435577	0.247996255538827	-4.62199889437297
TG 50:5-FA16:1	-0.435621296414857	-0.861951955617451	-1.84732187705846	0.0864923972886	0.248061951614513	-4.62655942925411
TG 56:7-FA20:5	-0.381123257202616	2.37593168779058	-1.83953979150689	0.0876888365506039	0.250223195207531	-4.63825321822213
TG 58:6-FA22:4	0.396027161165143	-1.4272728777911	1.82035046576023	0.0907026904971019	0.25752271422544	-4.6669648327623
TG 54:7-FA16:1	-0.338147755021861	1.10520420335515	-1.81340903130701	0.0918155219243029	0.259135934834893	-4.67730716632646
TG 49:1-FA16:1	0.3049761571775	-2.52927926166631	1.80983115601063	0.0923938677654748	0.259135934834893	-4.68262886130421
SM d18:1/14:0	0.408593007036552	-0.709027478684299	1.80801092277468	0.0926893460544325	0.259135934834893	-4.68533386538464
TG 52:1-FA18:0	0.314980586816713	2.14934066157676	1.80545619447702	0.0931054774716518	0.259135934834893	-4.68912765746538
TG 56:2-FA18:0	0.317572260065465	-1.26223328764196	1.79381487929123	0.095022866259892	0.263176075670779	-4.70637459936452
TG 51:3-FA18:3	0.514595179563234	-1.78444627350435	1.7726600289099	0.098597357291076	0.271743935948575	-4.737544385368
LPC 16:1	0.395358442275306	2.72583519890021	1.76901251293927	0.0992256014264324	0.272147887407448	-4.7428960556618
TG 53:1-FA16:0	0.401247130851423	0.0398379539389547	1.75389321189747	0.101867752018932	0.278044830389838	-4.76500751498027
LPC 20:4	0.510843879905992	3.89850763372974	1.74543062074708	0.103373647652085	0.28079861020879	-4.77733294375824
PC 16:1_18:2	0.338294214733446	4.17803471543744	1.7321207108714	0.105781928743556	0.284229822144555	-4.79664376367171
TG 52:7-FA16:0	0.351726360182206	-0.75798454261217	1.73032303022138	0.106110965085899	0.284229822144555	-4.79924491740808
TG 52:6-FA20:4	-0.332816252080559	-1.04397682543717	-1.72747268730032	0.106634524036208	0.284229822144555	-4.8033657749217
TG 55:5-FA18:1	0.490695262998156	0.111298612283669	1.72474484560755	0.10713771223639	0.284229822144555	-4.80730556204256
TG 55:1-FA18:1	-0.304928302797373	1.69906791555221	-1.72466686447388	0.107152127640337	0.284229822144555	-4.80741813209899
TG 53:3-FA18:2	0.41500117797177	1.88382596721393	1.71363990920182	0.109207818304103	0.28832905299915	-4.8233040719836
TG 56:8-FA18:1	-0.302121102137367	1.90214987702497	-1.69956593906527	0.11188186049756	0.294015121772656	-4.84348652506962
TG 50:1-FA18:0	0.37125678136263	-0.501756870743197	1.6890893226236	0.113909535365425	0.297957812414191	-4.85844181414987
TG 55:5-FA18:2	0.456306173614008	0.831412754211944	1.6863705636792	0.114440963247879	0.29796840661314	-4.86231320444207
TG 55:5-FA20:4	0.278367162542482	-2.05845431616054	1.66649764265444	0.118391739030016	0.306840975008985	-4.89048995922548
TG 50:5-FA18:3	-0.422064709403765	-0.487547114789034	-1.65600927483747	0.120524426498241	0.309306516804939	-4.90527402181002
TG 56:7-FA16:0	-0.286867858484791	3.42611282115907	-1.65395896847946	0.12094521891708	0.309306516804939	-4.90815699854555
CE 22:5	0.448942997417254	1.94896033653044	1.65376360427219	0.120985380909542	0.309306516804939	-4.90843158304206
TG 54:4-FA20:3	0.332731889599554	1.81917705934618	1.63796692416395	0.124271397570958	0.316276304628789	-4.93056382262605
TG 50:2-FA16:1	0.43861104231744	4.73203958150657	1.62473473259516	0.127083277380986	0.321982294709673	-4.94899581027002
TG 53:6-FA20:4	-0.281146975468618	-2.15398178254836	-1.6204362507448	0.128008493198763	0.322294200052126	-4.95496223611698
TG 54:3-FA20:2	0.366591509763201	1.3374277136172	1.61886914085967	0.128347247808369	0.322294200052126	-4.95713483340066
TG 58:7-FA18:0	-0.32165289846535	-0.714403066890781	-1.61495006014219	0.12919781048019	0.322618157650572	-4.96256204148238
PC 16:0_20:5	0.335758602359009	5.03624340390498	1.61247631374315	0.129737193654942	0.322618157650572	-4.96598323423851
CE 20:1	0.992340501637606	1.71912786417122	1.6104097897761	0.130189274237753	0.322618157650572	-4.96883856724755
PI 18:0_18:1	-0.342898147193178	-0.243496276239421	-1.60122457278941	0.132215150535292	0.32472373959197	-4.98150033696961
TG 50:1-FA16:0	0.314395731710434	4.88361432055442	1.60041804498563	0.132394327577001	0.32472373959197	-4.9826098224101
TG 56:3-FA16:0	-0.408818928578713	-0.839826486087907	-1.59876079087577	0.132763157249106	0.32472373959197	-4.98488842112168
TG 50:2-FA18:1	0.390331728363857	4.95221973138242	1.58896963929656	0.13496032209268	0.328674922337777	-4.99831821212368
TG 57:10-FA22:6	-0.320696169361596	-0.5036310563357	-1.58507703508397	0.13584247921639	0.329403436726438	-5.00364200051513
Cer d18:1/24:1	0.352263673090908	-0.573877488315869	1.5701213676453	0.139277979721577	0.336290848473037	-5.02401428350538
PC 14:0_18:2	0.27428635790925	1.32359610438795	1.56633916823564	0.140158497236117	0.336976812503855	-5.0291455596394
TG 48:1-FA14:0	0.328722066476331	0.922210981185166	1.55305445972447	0.143289078143281	0.343043767588788	-5.04710190080921
LPC 18:2	0.35111855292789	7.1311143395852	1.5332843883681	0.148058283542867	0.349869959870864	-5.07362968501751
SM d18:1/18:0	0.441754942033875	1.17243986400989	1.53267159376135	0.148208241738483	0.349869959870864	-5.07444819449906
TG 56:4-FA18:1	0.233797772491849	2.71070644396438	1.53205922243035	0.148358225238731	0.349869959870864	-5.07526591239359
TG 48:0-FA18:0	-0.276503278109811	-3.03639145731624	-1.53100256289564	0.148617328086738	0.349869959870864	-5.07667636967282
TG 51:0-FA18:0	0.338869318627266	-2.47213738433411	1.475763568616	0.162706549247627	0.381448964003773	-5.14946025769418
TG 50:3-FA18:2	-0.289760489984832	4.51204058591202	-1.47089550508072	0.164000346368209	0.38289337065305	-5.15578380177408
TG 48:3-FA18:2	-0.300322644978913	0.0921403139350932	-1.46168880801044	0.166470804445981	0.385562373264994	-5.16770236788771
TG 48:4-FA16:1	-0.273635437165778	-2.47484569583013	-1.46124699692783	0.166590135497418	0.385562373264994	-5.16827296963629
TG 56:5-FA16:0	0.318352840966074	-0.426558092822488	1.45902724161586	0.167190763628183	0.385562373264994	-5.17113792621606
PC 16:0_22:5	0.491807570927957	3.59739536050245	1.4519069443998	0.169129618761465	0.388448108131007	-5.18030672372882
TG 52:2-FA20:2	-0.242829448160927	-2.55154750664909	-1.42876977016523	0.17555972126157	0.401040188384413	-5.20987663419197
TG 54:5-FA18:0	-0.434848056007352	0.442948096797275	-1.42641436448441	0.176225556143806	0.401040188384413	-5.21286757126033
TG 55:4-FA18:2	0.323552165937872	1.08515182316115	1.42459390096052	0.176741605146405	0.401040188384413	-5.21517676686724
TG 50:5-FA16:0	-0.345644406749619	-1.60389866315789	-1.41737564255694	0.178800115064577	0.403471187642075	-5.22431169692702
TG 54:6-FA18:1	-0.30108621630074	3.60528027010862	-1.41026751678677	0.180846563637053	0.403471187642075	-5.23327407211352
PC 18:1_18:2	0.322117327739579	6.31249570984354	1.40937554121452	0.181104726990904	0.403471187642075	-5.23439639885143
TG 49:1-FA18:1	0.320510995336743	-0.0687270532812225	1.4088850157066	0.181246828813241	0.403471187642075	-5.2350133796574
TG 52:3-FA18:2	-0.251025952130715	6.91032540667712	-1.40841351044588	0.181383507364756	0.403471187642075	-5.23560628828028
CE 16:1	0.300064544903006	5.96721724393192	1.39656957294196	0.184844786704581	0.409558056816032	-5.25045189191252
TG 56:2-FA20:1	0.339665595444594	-1.46336051263229	1.38791950017227	0.187406897203932	0.413612878594616	-5.26123570032663
TG 50:3-FA16:0	-0.284504079904668	4.63068628671128	-1.38021424432876	0.189713652084248	0.417074760418677	-5.2707998006451
TG 51:1-FA18:0	0.264317557559956	-1.75589593285449	1.37342818292672	0.191764449989129	0.419949280014953	-5.2791901559653
TG 54:6-FA18:3	-0.321479908473672	3.30880071175436	-1.36949868019764	0.192960244979758	0.420062382154606	-5.28403453439308
TG 51:4-FA15:0	-0.41848423887968	0.496884551386894	-1.36837588306575	0.193303043115394	0.420062382154606	-5.2854168396064
TG 55:3-FA18:2	0.326485912319325	0.712815793880374	1.35125475328675	0.19859211352745	0.429902467980877	-5.30638978801145
TG 54:0-FA18:0	-0.332060463071172	-2.26524759705105	-1.34674798168763	0.200003759811023	0.431305817913084	-5.31187744670212
TG 54:1-FA18:1	0.232640050838152	0.140322500642252	1.3354933802598	0.203564617834925	0.436411633446036	-5.32552108151014
TG 53:4-FA20:4	0.267106747211382	-2.74967261796782	1.33439073046134	0.203916232265051	0.436411633446036	-5.32685312942023
TG 54:7-FA18:2	-0.435173341208705	3.43878112645887	-1.32921631857228	0.205572826988441	0.437471996586955	-5.33309288392668
TG 53:4-FA18:3	0.285544445393011	-1.08047504162796	1.32801100720547	0.205960267419699	0.437471996586955	-5.3345437078927
TG 53:3-FA16:0	0.521382620395728	1.20848709489353	1.32457508855758	0.20706796292526	0.438177524542217	-5.33867400046864
TG 52:4-FA20:2	-0.258769905137952	-1.97179589825955	-1.31787857532634	0.209240649223143	0.44112301048909	-5.34670039135456
DG 16:0_16:0	-0.262066404690279	-1.40446259894938	-1.30187085212312	0.214508805413055	0.450548234417755	-5.36576092628177
TG 56:5-FA18:1	0.204642676886653	2.11446039533256	1.29761683755151	0.215926565052776	0.451846330573402	-5.37079612784627
TG 50:4-FA18:2	-0.280365476170908	2.73360355846678	-1.28510227606592	0.220140907127527	0.458965359878423	-5.38553507022094
TG 52:3-FA20:0	-0.234056613001242	-1.641581286663	-1.28243664855894	0.221047001243965	0.459160131260442	-5.38866022364345
TG 56:5-FA22:4	0.291478745476806	-0.115648285827545	1.27812875041795	0.222517616477666	0.460521806995902	-5.39370012205046
TG 52:5-FA20:3	-0.259865326584199	-1.99264617524819	-1.27521512766482	0.223516669161219	0.460901160861637	-5.39710136560114
TG 52:1-FA16:0	0.254846118924601	2.14870152570784	1.27117363817104	0.224908361631131	0.462084452078506	-5.40180924208038
TG 56:5-FA18:2	-0.288025609437558	2.22365095112993	-1.23978397094516	0.235952867271	0.48301945655114	-5.43797636155988
TG 54:4-FA16:1	0.238220363503941	0.859509410278394	1.22675342954714	0.240661351797234	0.489558332966636	-5.45278093489792
TG 56:7-FA18:1	-0.208640296759791	3.33135828896854	-1.22382030851774	0.241731303886777	0.489558332966636	-5.45609630983558
TG 56:10-FA18:2	0.289077920199324	0.418862526385462	1.22324536934494	0.241941467789479	0.489558332966636	-5.45674543926124
TG 52:5-FA18:1	-0.219642814789222	1.91341641792847	-1.22141095161579	0.242612979169306	0.489558332966636	-5.45881495243363
TG 52:5-FA20:4	-0.262605813189301	0.284735421545147	-1.21187313584825	0.246127932363983	0.494883565073489	-5.469535317475
PI 16:0_20:3	0.315398842469651	0.530928545064631	1.20642467132122	0.248153599536935	0.496688863378913	-5.47562925881732
CE 17:0	0.321000476924535	1.52068046339756	1.20322984437286	0.249347416994098	0.496688863378913	-5.47919237789527
TG 50:4-FA14:0	-0.334006659589316	1.54659789667601	-1.20160602070249	0.249955904064892	0.496688863378913	-5.48100049719748
TG 56:7-FA22:6	-0.212488136219401	5.55868959273251	-1.19681145420162	0.251759281520349	0.496688863378913	-5.48632781696913
TG 58:2-FA18:1	-0.208447081319557	-1.75622098887248	-1.19575225428651	0.252159036253606	0.496688863378913	-5.48750240989087
TG 46:1-FA16:1	-0.240924031285688	-1.9909681553502	-1.1953781092492	0.25230036068982	0.496688863378913	-5.48791711636773
TG 54:6-FA22:5	-0.279848617354454	0.352513345556869	-1.18193710380976	0.257418205304554	0.505004465267615	-5.50274609741605
TG 51:2-FA15:0	0.206513912949359	0.412847327944664	1.17501277353192	0.260085840277778	0.506005436092563	-5.51033273311632
TG 46:2-FA12:0	-0.199416730405322	-2.53959574243544	-1.17082680314221	0.261708803918993	0.506005436092563	-5.51490162056733
TG 52:0-FA20:0	0.335686744722746	-0.663038271073812	1.16764657142568	0.262947025022973	0.506005436092563	-5.51836394751336
PG 16:1_18:2	-0.253056759588949	-1.62814089896914	-1.16519410222612	0.263904961560973	0.506005436092563	-5.52102874704802
TG 50:2-FA18:2	-0.282176283348246	4.2194191151498	-1.16492724813663	0.264009356364463	0.506005436092563	-5.52131843089028
TG 54:1-FA20:0	0.440264279807565	1.7544093668571	1.16490250054822	0.264019039364057	0.506005436092563	-5.52134529294458
PC 18:2_20:1	-0.272373727624162	0.542656527528986	-1.16444644658861	0.264197528579303	0.506005436092563	-5.52184022990113
TG 52:3-FA16:0	-0.209410497469769	7.14537996493774	-1.151929231782	0.269132680792264	0.513716096782532	-5.53536316632365
TG 49:2-FA18:1	0.217194099037174	-0.973676317893974	1.14769371577826	0.270818469023079	0.515193383831783	-5.53991204370756
TG 50:1-FA18:1	0.215747773595833	3.74824213512385	1.14143022997613	0.273326154713411	0.518219051721735	-5.54661385206512
TG 58:7-FA16:0	-0.237354604721877	-0.46436547497065	-1.12674474826575	0.279274908076811	0.52697907164487	-5.56220920606858
LPC 20:0	0.461336742642163	0.581376003386179	1.12543080841561	0.279811896448604	0.52697907164487	-5.56359647181489
TG 54:8-FA18:3	-0.396929902071911	0.228311193333658	-1.11477839302239	0.28419423016671	0.533454285861101	-5.57479412701577
TG 54:5-FA16:0	-0.209469309009968	2.2608682794019	-1.10910108578847	0.286550859486883	0.535738232087368	-5.58072611308063
TG 52:5-FA14:0	-0.200124570138429	-2.22051062010953	-1.10728595033925	0.287307405880482	0.535738232087368	-5.58261738968407
TG 48:4-FA14:1	-0.251191875826181	-3.33347900987731	-1.10048653218822	0.290154727123121	0.539267831659748	-5.58967921598567
TG 56:5-FA22:5	-0.210443870677566	-2.1447046432904	-1.09469599366062	0.292596189292719	0.540757344276093	-5.59566476497976
TG 52:3-FA20:3	-0.186749441418864	-1.74823498774767	-1.09404801349449	0.292870349289353	0.540757344276093	-5.5963329350466
PC 18:0_20:5	0.238237462773131	3.65289555912771	1.09010382027225	0.294543274214636	0.540901971757868	-5.60039292316214
TG 48:3-FA14:0	-0.222633930864478	0.293966902425487	-1.08935103486911	0.294863375754731	0.540901971757868	-5.60116642200733
TG 50:4-FA14:1	-0.204508468078965	-2.0256128585303	-1.0850686663476	0.296689271549044	0.54249009199097	-5.60555815176231
TG 54:5-FA22:1	-0.184747136228569	-1.54971060135659	-1.07700618459321	0.300149722749236	0.547047075333285	-5.61378734280903
TG 51:1-FA15:0	0.260488868604582	-2.78658172346983	1.07324624253234	0.301773708370856	0.54823840909818	-5.61760748230894
TG 56:4-FA20:4	-0.223727486255405	-2.55194595503503	-1.06761486880548	0.304218156785022	0.55090788007544	-5.62330807913037
TG 54:5-FA18:2	-0.242126215474333	6.06473737259455	-1.06452039420088	0.305567610900721	0.551583706577978	-5.6264298812037
TG 56:5-FA20:1	-0.273745907507574	1.47612011221199	-1.05817922209233	0.308346690292542	0.554138110860798	-5.63280326044118
TG 52:0-FA18:0	0.167312208248009	-0.512732377849283	1.05682122676391	0.308944256497613	0.554138110860798	-5.63416398837648
TG 51:3-FA15:0	-0.229885009444808	1.06844976886176	-1.05283679636724	0.31070246236302	0.555528136819956	-5.6381479414582
TG 49:1-FA16:0	0.214257362094018	0.359877874364842	1.04401158592318	0.314622885934566	0.560763187864447	-5.64692687823312
TG 58:10-FA20:4	-0.230212167882587	0.0121782752438911	-1.03755406237009	0.317514357467829	0.563863256807288	-5.65331094896536
TG 52:4-FA22:1	-0.195644735946077	-2.49420590367139	-1.03567761983487	0.31835819278146	0.563863256807288	-5.6551597563916
SM d18:1/16:0	0.243173834248757	4.66692401601519	1.03324909365684	0.319452724879307	0.563911601502439	-5.65754830382448
TG 56:6-FA22:4	-0.200600314678716	0.0580082763663721	-1.03119279334576	0.320381635543863	0.563911601502439	-5.65956703313051
TG 52:6-FA18:1	-0.213064581317832	-0.754967398671409	-1.02495089142646	0.323213373087415	0.567129055262079	-5.66567396031596
DG 18:1_18:2	-0.239365488884353	2.32180760435444	-1.01897742908251	0.325940288637935	0.570143229351186	-5.67148870522255
TG 54:5-FA20:5	-0.292555473630669	-1.88106112875325	-1.0092602517095	0.330411713112494	0.576180919470861	-5.6808857434691
TG 54:4-FA18:1	0.159145387234794	6.62410136715697	0.999492714678562	0.334950664858998	0.582298848139488	-5.69025385209781
SM d18:1/22:1	0.201069836033483	3.16590335376008	0.992913813017226	0.338032959931625	0.584067776388318	-5.69651967966032
TG 50:5-FA14:0	-0.305602551842245	-0.969381510731284	-0.992908012397684	0.338035686511469	0.584067776388318	-5.69652518856207
TG 50:0-FA16:0	-0.192044278289166	0.637877974876937	-0.983749990373901	0.342360022613717	0.589736014563262	-5.70518811232347
TG 58:6-FA18:1	0.169772033936284	-0.492321268526819	0.980689885840937	0.343813717146677	0.590439970175904	-5.70806736885564
CE 20:2	0.290851756967063	-0.346959958880949	0.977240851453637	0.345457422916734	0.591464981660468	-5.7113032933011
TG 56:3-FA18:2	-0.25995640904362	0.632911957951359	-0.974962354701564	0.346546339049399	0.591536802304865	-5.71343560612408
PI 16:0_20:4	0.221620538089595	2.65219321726006	0.967461585703026	0.350148199176424	0.594465105511824	-5.72042473166507
TG 48:3-FA12:0	-0.164452800746562	-2.70988178703375	-0.964855045191549	0.351406024962675	0.594465105511824	-5.72284253302181
TG 52:1-FA16:1	0.171840973736259	-2.24126073376039	0.964829619557553	0.351418310160972	0.594465105511824	-5.72286608975624
PC 20:0_20:4	0.221234984765341	1.22773237318543	0.960539224574577	0.353495687042186	0.596194218444284	-5.72683341185886
TG 54:3-FA18:0	-0.182405301928382	3.3543638859461	-0.956153795301088	0.355627991852623	0.597873970804912	-5.73087275103986
TG 56:6-FA20:3	-0.158334831135356	1.0307006753076	-0.954144412644163	0.3566080144447	0.597873970804912	-5.73271819186222
TG 50:3-FA18:3	-0.269238701254513	0.689483705849705	-0.94989783828288	0.35868539308023	0.599577654113403	-5.73660718689007
TG 49:0-FA18:0	0.249603793785668	-2.72212069616334	0.93897943820581	0.3640653669598	0.604851409463528	-5.74653680222305
TG 52:8-FA18:2	-0.29579692900657	-2.46318948019277	-0.938753235174941	0.364177418058136	0.604851409463528	-5.7467414609044
TG 50:0-FA18:0	-0.18387054979092	-0.153946904252341	-0.935337444142783	0.36587236815099	0.604851409463528	-5.74982668304952
TG 54:4-FA18:3	-0.221235962727808	0.211695312738535	-0.934834399648021	0.366122446082348	0.604851409463528	-5.7502802141602
TG 54:6-FA20:3	-0.170704944324792	-0.22904936657386	-0.930420991241982	0.368321565678521	0.60671045075325	-5.75425007106657
TG 48:4-FA16:0	-0.161739888300217	-2.79709056584839	-0.927577693871217	0.36974316519169	0.607281652131701	-5.7567989032834
TG 54:1-FA18:0	0.157683554574299	-0.416296726014204	0.905061755446193	0.381134578502684	0.624176918417439	-5.77674090932804
TG 50:1-FA16:1	-0.201109653560715	-1.68078008520452	-0.902656932659166	0.382365284462337	0.624382617691388	-5.77884531632624
TG 54:5-FA18:1	-0.180441892461406	5.66159686062907	-0.897532887563021	0.384996629344449	0.626011665249307	-5.78331276768568
TG 50:1-FA14:0	0.184942335170391	-1.88596849886171	0.895953290433434	0.385810277140922	0.626011665249307	-5.7846854247502
TG 47:1-FA16:1	-0.167132652662989	-3.02447861791233	-0.892431914735075	0.387628336016947	0.626011665249307	-5.78773777503007
TG 48:3-FA14:1	-0.198591271166663	-1.43745483237982	-0.888940329318292	0.389436744149258	0.626011665249307	-5.7907537987573
TG 51:4-FA16:1	0.22367558752292	-0.856794681079332	0.888200519254922	0.389820648703298	0.626011665249307	-5.79139150075075
TG 51:2-FA17:0	0.19306834535311	0.788296790736672	0.886090705473153	0.390916886069953	0.626011665249307	-5.79320753549918
Cer d18:1/22:0	0.19307176696328	-0.851576689305073	0.885702553383168	0.391118792624788	0.626011665249307	-5.79354122281032
TG 54:5-FA20:2	-0.16496335560985	-0.665266873839602	-0.876636483293111	0.395854761530363	0.631452761084057	-5.80129824683509
LPC 20:1	0.205039031998203	0.382787779503981	0.8747997631592	0.396818913666834	0.631452761084057	-5.80286112683759
TG 54:7-FA18:3	-0.311521368743879	2.49388471167525	-0.872798714858517	0.397871120258273	0.631452761084057	-5.80456051715526
PC 16:0_18:0	-0.155079605473476	5.43328374985536	-0.863929482428777	0.402557310140943	0.63710050484491	-5.81205098998643
CE 16:0	0.193408128891111	6.27238118264105	0.858994990852835	0.405180406703399	0.639460697730224	-5.8161888554753
DG 16:0_18:2	-0.215861643205143	1.00851607936672	-0.855836508990521	0.406865360829992	0.640033284549942	-5.81882632127617
TG 51:4-FA18:3	-0.191220617092136	-1.20661072720489	-0.854071770387854	0.407808818474299	0.640033284549942	-5.82029617164091
TG 48:3-FA16:0	-0.180792518393209	-0.711544389285543	-0.847463059811002	0.411354818863747	0.641806148551317	-5.82577644732127
TG 53:4-FA18:2	0.189682612304733	2.4777752269258	0.845606494901212	0.412354640855059	0.641806148551317	-5.82730914578524
TG 46:3-FA18:2	-0.165400704131131	-3.31348199325368	-0.844492427592491	0.412955372331679	0.641806148551317	-5.82822742478511
TG 55:7-FA15:0	-0.135024747076512	-2.25054389998852	-0.843516311527705	0.413482191279078	0.641806148551317	-5.82903110443089
TG 51:0-FA17:0	-0.157952706055424	-3.34450828660499	-0.834219152123835	0.418522129142354	0.646352745506709	-5.83664405309598
FA 22:6	-0.208574185248562	1.63972225852361	-0.832098500003149	0.419677338992345	0.646352745506709	-5.83836992500443
SM d18:1/22:0	-0.151923414796927	4.30208793565344	-0.831794176947542	0.419843287789314	0.646352745506709	-5.83861727126288
TG 48:2-FA14:1	0.206674063211604	-1.7832238478156	0.828408658244288	0.421692320721776	0.647435220673379	-5.84136344746435
TG 49:0-FA17:0	0.151379018608068	-2.07950594939526	0.811582458355522	0.430960749940361	0.657740617096975	-5.85486224449102
TG 52:3-FA18:0	-0.161455962491019	1.12792993767306	-0.808583900887856	0.432626172856605	0.657740617096975	-5.85724156663262
TG 52:0-FA16:0	0.132017800209177	-0.438275889465151	0.808443332127443	0.432704347513568	0.657740617096975	-5.85735291093002
TG 55:7-FA22:6	-0.153931669802659	0.434932600779818	-0.807802087763241	0.433061078867389	0.657740617096975	-5.85786061742953
TG 49:2-FA16:1	0.185272488326768	-0.773939184696835	0.804465360095934	0.434920392412568	0.658793623895713	-5.86049659305377
TG 53:3-FA17:0	0.153421415461918	1.05910668571367	0.801955039261894	0.436322586032242	0.659150430770634	-5.86247320395411
PC 18:0_18:0	0.186501506904567	-0.383579768428181	0.798357933339673	0.438336874833448	0.659956566968038	-5.86529578310403
LPE 16:0	0.148477002423955	1.83524264337469	0.795140846083599	0.440143394950443	0.659956566968038	-5.86781041942564
TG 53:5-FA20:4	-0.129102988626384	-2.23812111745604	-0.793825266814613	0.440883511714431	0.659956566968038	-5.86883608735231
TG 50:5-FA18:2	-0.211322407499255	-0.417004290393135	-0.792679992970037	0.441528464272422	0.659956566968038	-5.86972772416275
LPC 22:6	0.252362691043294	1.68224396491921	0.78641776139375	0.445065615854758	0.663488319150233	-5.87458240979459
TG 48:4-FA18:2	-0.164887572978124	-1.88284662249188	-0.784270898532301	0.446282376642249	0.663540000958174	-5.87623866770973
TG 52:1-FA18:1	0.134410299455878	1.79312821640243	0.782215806364038	0.447449097991265	0.663540000958174	-5.87782026636507
TG 47:0-FA15:0	-0.166738569195018	-2.23848843712604	-0.779651485584946	0.448907623584397	0.663960228599958	-5.87978846783117
TG 58:5-FA18:1	0.125173175108031	-1.63099354606173	0.766409130626183	0.456487236710775	0.673408064599446	-5.88985857446076
PG 20:0_20:4	0.286035025581124	-0.624579388129596	0.764328462887911	0.45768540633295	0.673417329630512	-5.89142648825295
TG 48:2-FA18:1	0.188958699268699	0.293470617355493	0.761634909687516	0.459239425963313	0.673948767972134	-5.89345046028963
TG 54:6-FA18:2	-0.263819638426425	5.58131563097069	-0.7566523571969	0.462122719217304	0.67642315118595	-5.89717717897426
PC 18:0_18:3	-0.170352546833973	0.2845206979515	-0.752840702229832	0.464336015106539	0.67790658536226	-5.90001299247998
TG 56:8-FA16:1	-0.136243882268905	1.46607776528728	-0.744667009278912	0.469104278540638	0.683102879833662	-5.90604979822719
LPC 17:0	0.139377926258656	1.858230349131	0.734888885025929	0.474847951258177	0.689689183704037	-5.91319201129013
TG 51:5-FA18:3	-0.217123394811821	-1.44961904011222	-0.731090596419576	0.477090612043966	0.691169732832925	-5.91594295408542
TG 58:7-FA18:1	0.143407380926268	1.36705376414516	0.726343214720116	0.479902710340513	0.69158683568138	-5.91936281284636
LPC 16:0	0.151056881742373	7.74943427928124	0.724540158956429	0.480973376891761	0.69158683568138	-5.92065629130484
TG 52:3-FA18:3	-0.154478876946679	-1.07146150533043	-0.723690462385922	0.481478433950029	0.69158683568138	-5.92126481936588
TG 54:2-FA18:2	-0.192105997177181	0.514019781281152	-0.718811565899863	0.484384646057862	0.69158683568138	-5.92474618187039
TG 49:3-FA18:3	0.198468075268308	-2.11264817800217	0.718480691405791	0.484582120698442	0.69158683568138	-5.92498149151295
Cer d18:1/16:0	0.172336508672305	-2.61649988675892	0.718245014144253	0.484722808725357	0.69158683568138	-5.92514903822681
PI 15:0_22:0	-0.171417078759154	-0.117609453303088	-0.713794571244652	0.487384130387699	0.693632326622292	-5.92830338902657
TG 58:6-FA16:0	0.132794313373048	-1.85974319512871	0.702088008034609	0.494426318418239	0.700486135595957	-5.93651400386022
TG 56:2-FA16:0	-0.18848016137255	-0.626736336535853	-0.701668843666374	0.494679589562454	0.700486135595957	-5.93680565930031
TG 49:1-FA15:0	0.149364498616665	-0.607624763851439	0.698897515406668	0.4963560466795	0.701102915934794	-5.93872988985119
TG 58:6-FA20:4	-0.114585340537121	-1.65934161973705	-0.696042774147512	0.498086484248821	0.701792677308189	-5.94070464755589
PG 17:0_20:0	-0.156775163913936	-0.74266478870305	-0.689231639223889	0.502229538168304	0.705183996301188	-5.94538589748987
CE 18:3	0.142844556642751	4.42039505312292	0.68694837197784	0.503622926140044	0.705183996301188	-5.94694559438038
TG 52:1-FA20:0	0.243183118464408	-0.56367838994471	0.685942058512274	0.504237760187044	0.705183996301188	-5.94763147722418
TG 48:0-FA16:0	-0.166646313237791	1.98192944363025	-0.683079908873722	0.5059888738821	0.705885712946634	-5.94957714444811
TG 50:3-FA14:1	0.163176122479149	-2.27769718243706	0.671831999257836	0.512904931636431	0.713771641316708	-5.95714993989273
TG 58:8-FA20:3	-0.124279331320166	-2.46053491217818	-0.669441123688281	0.514382060315223	0.714068462108357	-5.95874451055178
TG 46:1-FA16:0	-0.141601236682198	-1.40282683817366	-0.663430751323686	0.518106234111756	0.717475544787114	-5.96272961420935
PI 17:0_20:0	-0.151019020251338	0.561417015482243	-0.656171130206733	0.522625097004624	0.721445084292127	-5.96749819920472
TG 50:3-FA18:1	0.126423789409505	3.55835201678452	0.654727284986698	0.52352652134473	0.721445084292127	-5.96844075450265
PC 16:0_20:1	0.146574896394165	0.90054559167712	0.651827111160075	0.525339843401634	0.721579324352255	-5.97032813779563
TG 54:3-FA18:3	-0.127286033411887	-2.811192460681	-0.650488200280876	0.526178197580759	0.721579324352255	-5.97119682902101
SM d18:1/24:1	-0.144974882507774	4.54752720320911	-0.644504184107104	0.52993435062522	0.724163829849671	-5.97505881244099
PC 18:0_22:5	0.223406217158157	1.42083442235707	0.643404542070359	0.530626239925246	0.724163829849671	-5.97576486075386
TG 48:2-FA12:0	0.150288565977652	-2.9037131936399	0.639700028835206	0.532960852531327	0.725597305253494	-5.97813509120009
TG 56:3-FA20:2	0.113924425547095	-2.87881776626519	0.634899970191085	0.535994468822938	0.727973256935	-5.98118715054876
TG 53:4-FA16:0	0.240522893783564	0.22147726863337	0.630971771090568	0.53848425778588	0.729600972779429	-5.98366876584218
TG 49:2-FA18:2	0.18790373266035	1.09516766123111	0.62506195798299	0.542242175475043	0.732934997950716	-5.98737494294563
TG 52:2-FA18:2	-0.164812180314424	2.46692674429417	-0.618428582834683	0.546477472606862	0.736896830603525	-5.9914957374833
TG 46:1-FA12:0	0.15329559202019	-3.24757495673244	0.609140363054825	0.5524383655599	0.743161134622246	-5.99719606060631
TG 54:5-FA20:3	-0.116125659458416	1.86205913681721	-0.600352214357845	0.558110873301621	0.749008654193387	-6.00251441835698
TG 50:3-FA14:0	-0.110145957073834	2.63979062166951	-0.595934719223549	0.56097411271282	0.751067236215031	-6.00516014867939
TG 50:4-FA18:1	-0.113731634973665	-0.297895584850945	-0.579287178648752	0.571835026589379	0.762873786562562	-6.01496421114242
TG 48:2-FA16:1	0.178622444322027	2.10702911569652	0.576590734799051	0.573604622899037	0.762873786562562	-6.01652738229586
TG 46:0-FA14:0	-0.14116348093751	-1.68736432092414	-0.572864567197419	0.576054742692746	0.762873786562562	-6.01867609080855
TG 48:1-FA18:1	0.113069832959787	0.863667834163502	0.572060484837085	0.576584182968672	0.762873786562562	-6.01913803011208
FA 18:2	0.175556091971668	4.60170150876797	0.570837125817302	0.577390181574745	0.762873786562562	-6.01983965686849
TG 54:4-FA20:2	-0.111307896492353	1.35626078542094	-0.568478033399175	0.578946113316064	0.762873786562562	-6.02118861951755
TG 47:2-FA18:2	-0.120795319818617	-2.30098328492734	-0.566166203602812	0.580472997120773	0.762873786562562	-6.02250539801961
TG 48:2-FA16:0	-0.12500485642724	2.29438580594793	-0.564724879182839	0.581426003829199	0.762873786562562	-6.02332376597855
TG 54:5-FA16:1	0.113397728092645	0.346462731539023	0.563055542783241	0.582530789642331	0.762873786562562	-6.02426911340921
FA 24:1	-0.168396440585701	1.40391307732006	-0.559931875456339	0.584600994025617	0.762873786562562	-6.02603088700185
TG 52:4-FA18:0	-0.10494424710508	-1.66485334011982	-0.559865739706757	0.584644866516087	0.762873786562562	-6.02606808712077
TG 56:7-FA16:1	0.133290023431672	-0.16026220073598	0.555893037591241	0.587283360612426	0.764550918769634	-6.02829497275647
TG 56:5-FA20:2	-0.0856256125185088	0.501633069181402	-0.552837101779675	0.589317146461799	0.765434914369923	-6.02999767434451
FA 18:0	-0.134103852286237	6.13564205486235	-0.548682229474623	0.592088084817377	0.766645373788001	-6.0322983081621
FA 20:4	-0.134171476840043	1.88148440685685	-0.54737258482641	0.59296288202718	0.766645373788001	-6.0330200485534
DG 16:1_18:2	-0.15293852942806	-0.303735884078496	-0.539254252525979	0.598400307783108	0.771909072825243	-6.03745724893228
TG 58:7-FA22:5	0.107298333879165	1.15767917544253	0.532821970980198	0.602726280151081	0.775718333224056	-6.04092787452288
TG 47:0-FA16:0	0.119125650803021	-0.779397687688953	0.527021769541155	0.606640546299331	0.777510196725433	-6.04402325408384
PI 18:1_18:1	0.148271313502612	-1.19378496400647	0.526681172899886	0.606870790718435	0.777510196725433	-6.04420401032321
TG 54:5-FA22:4	-0.11242043093276	-2.34091583306002	-0.512884216215134	0.616233896982255	0.787598702531725	-6.05143185740612
TG 56:1-FA18:1	-0.0861509131422486	-0.697003469342614	-0.510883656702274	0.617597391457389	0.787598702531725	-6.05246460322707
TG 54:3-FA16:0	0.0997610836876008	2.83562627381549	0.504582986447671	0.621901231010104	0.787598702531725	-6.05569183657451
TG 54:3-FA18:2	-0.098104946417642	3.52394480189535	-0.502851780990597	0.623086311020179	0.787598702531725	-6.05657182317271
TG 53:4-FA17:0	-0.14231597212591	0.451866378489277	-0.502494687040846	0.62333089163564	0.787598702531725	-6.05675297511936
FA 22:5	-0.123774176324902	0.823690408668603	-0.502155604344171	0.623563178803991	0.787598702531725	-6.05692487544268
TG 54:1-FA20:1	-0.182224750172162	-2.84612647016489	-0.498649309428334	0.625967591807828	0.787598702531725	-6.05869586793992
TG 46:2-FA16:0	-0.0876036211146967	-2.37233559959479	-0.497323306327392	0.626878044584241	0.787598702531725	-6.0593625050024
PA 34:4	0.116459108596195	0.972715551984435	0.496722170081388	0.627291002016418	0.787598702531725	-6.05966415820056
TG 51:4-FA18:2	-0.135273117181524	1.81162310966279	-0.487903609477696	0.633363898366218	0.791962391536462	-6.064048949214
FA 18:3	0.133279120033924	1.53030070991457	0.487605156364229	0.63356991322917	0.791962391536462	-6.06419602241136
TG 50:4-FA16:1	-0.120802855854729	2.60593032712361	-0.481471126462581	0.637811068913394	0.795503871823548	-6.06719955093678
SM d18:1/20:0	0.0891481965425843	3.76430909089154	0.474021136383106	0.642979891197352	0.800184225829304	-6.07079807003235
TG 52:4-FA14:0	-0.0806256935530841	-2.18394700124476	-0.470765220605077	0.645244930589415	0.801238210512131	-6.07235372769832
TG 56:6-FA20:4	-0.0718626324744146	2.08678895302107	-0.461199379372215	0.651920747337422	0.807752680363253	-6.07686423683305
TG 58:7-FA22:4	-0.0713830613311761	-1.2348143844041	-0.459047120226526	0.653427084084429	0.807847489075935	-6.07786672580461
PI 18:1_18:2	-0.0899345019151174	0.983160900203866	-0.454121639475236	0.656880273983912	0.810343569434302	-6.08014384807923
CE 18:0	0.116205400859722	2.46206666505104	0.447284756598507	0.661687059701287	0.81449496455605	-6.0832651776437
TG 48:3-FA18:3	-0.125395249674304	-1.87210304348394	-0.443066191459547	0.664660773898538	0.815370665751216	-6.08516822211322
TG 46:2-FA18:2	-0.0961487986139507	-2.28825561979865	-0.439385469530439	0.667260166593823	0.815370665751216	-6.08681434171996
TG 56:4-FA18:2	-0.081618759509919	2.26570753814934	-0.439083609354263	0.667473543687484	0.815370665751216	-6.08694875036342
PC 15:0_18:2	0.100538637744149	0.176806557363508	0.438097219316469	0.668171005739492	0.815370665751216	-6.0873873327548
TG 51:4-FA20:4	-0.0833823940266318	-2.90448299047406	-0.43026542438975	0.673720032522911	0.820370298222941	-6.09083560231702
TG 48:3-FA18:1	0.0728625722719902	-1.97165565747309	0.426080730152794	0.676693144046727	0.822218551368604	-6.09265330033793
TG 49:3-FA16:1	-0.0748208057582646	-0.992868402568708	-0.417695033771944	0.682667825142296	0.826877796597993	-6.09624375368627
TG 58:6-FA18:0	-0.0791052699768129	-2.31062026617138	-0.416592890343386	0.683454745152677	0.826877796597993	-6.09671048620634
TG 54:3-FA20:1	0.0778627618092878	2.80028500129704	0.413742596883161	0.68549160189438	0.827569989466505	-6.0979119507962
TG 48:1-FA16:1	-0.0859382755291675	0.747363173814455	-0.408054151572032	0.689564241005911	0.829844326400078	-6.10028573442235
TG 54:5-FA18:3	-0.0701866818060854	3.00382253405747	-0.405678355640099	0.691268168288059	0.829844326400078	-6.10126766813011
TG 52:2-FA20:0	0.0960505661560776	-1.74573941246905	0.403980661961966	0.692486826725667	0.829844326400078	-6.10196591187341
TG 49:2-FA15:0	-0.0920293832358682	0.59146643261907	-0.402917455960488	0.693250481523605	0.829844326400078	-6.10240174302251
FA 15:0	-0.0988866088212275	3.72792781159509	-0.392146707249254	0.701006083330194	0.835434201114619	-6.10675370044723
TG 52:2-FA18:0	-0.0851296942913482	2.98329173273147	-0.39075949824441	0.702007508459809	0.835434201114619	-6.10730583685474
TG 46:0-FA16:0	-0.0870404913969446	-0.610829045593223	-0.39027668428837	0.702356186777777	0.835434201114619	-6.10749755786613
TG 48:1-FA16:0	0.0867261972446349	2.42074042367427	0.381969898630165	0.70836603951728	0.839820356343672	-6.11075982213487
FA 18:4	-0.100492662531866	-0.576726659259857	-0.381072553176032	0.709016477833507	0.839820356343672	-6.11110812332728
TG 52:4-FA16:1	0.0754079451065998	5.01714148539731	0.375385909618419	0.713143898755401	0.841538403555064	-6.11329673900063
TG 52:4-FA20:3	-0.0757398186699224	-0.512172746541607	-0.374648573473015	0.713679753219574	0.841538403555064	-6.11357815891783
PC 18:2_20:0	-0.0640115989108732	2.78737816290767	-0.37292181269745	0.714935280896337	0.841538403555064	-6.1142350942235
TG 46:1-FA14:0	0.0850150469650001	-1.41129853864808	0.35154475809026	0.730548653717702	0.858128875988569	-6.12212151698655
TG 54:1-FA16:0	0.0851930719368585	-0.0713253431793828	0.34013564187416	0.738933338370129	0.86144216503068	-6.1261436401075
FA 16:0	-0.0829818759689456	7.10737249052401	-0.339368073769903	0.739498689542969	0.86144216503068	-6.12640955638668
CE 18:2	0.0710582796939648	9.54085322097974	0.339282073499242	0.739562042688819	0.86144216503068	-6.12643931354599
FA 17:0	-0.0853350262851073	3.67152571346053	-0.339161544069537	0.739650835470647	0.86144216503068	-6.12648100575162
FA 22:1	-0.108047411955291	1.32549277754902	-0.337340662301696	0.740992729566214	0.86144216503068	-6.12710909385967
FA 20:0	0.0866086880307388	1.96663080094224	0.331628551988308	0.745207930452063	0.864563615411531	-6.12905784066053
TG 58:3-FA18:1	-0.0674950392236263	-0.342070545626289	-0.326134594391822	0.749270177729376	0.866406409076435	-6.13090128410311
PC 17:0_18:2	0.0640815748921735	1.91603148142078	0.325333383702548	0.749863246085623	0.866406409076435	-6.13116759124655
CE 18:1	0.0662995254704011	6.90663230093922	0.323204724060311	0.751439711316378	0.866455993660721	-6.13187198587255
TG 54:2-FA20:2	0.0896313933721621	-4.03529440950372	0.320173159461663	0.753686852711532	0.867277131938932	-6.13286730435339
TG 49:3-FA18:2	-0.066328802340395	-0.554389602329431	-0.313028994292838	0.758991611157922	0.869975493821631	-6.13517633409259
PC 16:0_18:2	0.0568601773641204	9.2665568508093	0.312867920598498	0.759111360095689	0.869975493821631	-6.13522780231862
PI 17:0_20:4	-0.0633838469430374	-0.467154168818804	-0.303459250627205	0.766117221708134	0.876227186771448	-6.13818887077131
TG 50:2-FA18:0	-0.0706805853931318	-0.705187697960369	-0.294962152091224	0.772462680917439	0.881699827713844	-6.14078643259458
FA 14:0	-0.0726984701380164	4.52977503084971	-0.287882160433863	0.777762863480781	0.885153684918661	-6.14289518294094
FA 14:1	-0.0834613234016277	1.77949366285865	-0.286322151548703	0.778932268357069	0.885153684918661	-6.14335302546732
PG 18:2_20:0	0.134353234113732	-1.33195274756531	0.283390782920041	0.781131169604145	0.885153684918661	-6.14420669819329
LPC 20:5	0.0965763015397548	0.764850034405051	0.282559356634094	0.78175520137064	0.885153684918661	-6.14444724638195
FA 18:1	0.0789860768742512	5.4919012936718	0.280268878039573	0.783475141131321	0.885326909478393	-6.14510631599031
TG 49:3-FA16:0	-0.0563230000343264	-1.3189026927756	-0.275229242774026	0.787263583256675	0.887832184710622	-6.14653777286642
TG 46:3-FA16:0	0.0612052954041925	-3.3750163768871	0.267944160022195	0.792749891053761	0.892238423197958	-6.14856163511101
TG 56:3-FA20:0	0.0614083894691428	1.25695625764826	0.263884848250151	0.795811893586916	0.89390401565926	-6.14966605252317
TG 52:4-FA18:1	-0.0477156029387962	5.29619393188391	-0.259544362661104	0.799089865674253	0.895805107353081	-6.15082851292546
TG 58:6-FA22:5	-0.0491490851880322	-1.5865340119947	-0.253357261714224	0.803769224514781	0.899266558120497	-6.15245253900297
PC 18:2_18:2	-0.0576729986451487	4.24253377592546	-0.246478920942986	0.808980571881716	0.901906516635547	-6.15421245601135
TG 50:5-FA18:1	-0.0484559882366688	-2.65149083736146	-0.246029476901174	0.809321422892429	0.901906516635547	-6.15432578224737
TG 49:2-FA16:0	0.0590895319451062	1.06016875183548	0.231452953921335	0.820397466326725	0.911781968204878	-6.1578900562213
TG 52:7-FA18:1	-0.0647123219083783	-3.0147418113636	-0.230122222858227	0.821410658081917	0.911781968204878	-6.15820469882228
LPC 18:3	-0.0464774694896278	0.0933684446258745	-0.220021620458777	0.829111740158585	0.918525751352158	-6.16053423042104
TG 54:4-FA18:2	-0.0334929884000042	5.78800769805741	-0.215578760035713	0.832504995240969	0.91944158408026	-6.16152603931178
FA 22:0	-0.0561519325282914	1.76179259019169	-0.21446020502838	0.833359847494721	0.91944158408026	-6.16177257633502
TG 56:6-FA22:5	-0.0442908785850661	2.77309864844659	-0.210029769034878	0.8367479395657	0.91944158408026	-6.16273656053583
TG 56:4-FA20:1	0.0338489552515921	2.3293558616983	0.208046904050469	0.83826539515687	0.91944158408026	-6.16316152230607
TG 51:5-FA18:2	-0.0625322432946446	-0.770977514005159	-0.207678108175219	0.838547702942684	0.91944158408026	-6.16324011989496
TG 52:3-FA18:1	0.0371612413810688	7.47166208337587	0.206169967743916	0.83970240245206	0.91944158408026	-6.16356009234302
TG 46:2-FA16:1	-0.057783414236118	-2.27338282266963	-0.201015232474895	0.843651982061899	0.921979438810392	-6.16463624333803
TG 48:3-FA16:1	-0.0517406373854899	0.988098630119224	-0.195945478539887	0.847540723256638	0.924441136370658	-6.16566823744423
LPC 18:0	0.0399923382602647	6.15750735036092	0.192318960573644	0.850324977999097	0.925690968341984	-6.16639036979153
TG 56:6-FA16:0	-0.0369324905770223	2.21680195180361	-0.184508709283116	0.856328301137814	0.92769761439902	-6.16790002954013
TG 51:3-FA18:2	-0.0407151472790746	2.04890134171976	-0.184085856613192	0.856653593293469	0.92769761439902	-6.16797998728288
TG 54:2-FA20:0	0.0550101523311659	1.82940586273272	0.183513317895895	0.857094079143873	0.92769761439902	-6.16808795849208
PC 18:0_18:2	0.0346982470478358	7.94058017809103	0.180946830412448	0.859069227393752	0.928057578350802	-6.16856784299161
PC 16:0_18:3	-0.0300065846821554	2.28079060623255	-0.171623619998107	0.866252462709752	0.934031758456126	-6.17025450766447
FA 20:3	-0.0482094810751669	0.726438621913021	-0.168140022356307	0.868939659484604	0.935144585921527	-6.1708619375907
TG 52:3-FA14:0	-0.030066340731608	-1.43574112413027	-0.158858161790911	0.87610769335871	0.940211604845902	-6.17241984434985
PI 16:0_18:1	0.0326995622219851	-0.167451106278423	0.157734633206257	0.876976134077505	0.940211604845902	-6.17260244500459
TG 54:5-FA20:4	-0.0319902962983686	2.85544001226354	-0.154176607222443	0.879727422248317	0.941374987822536	-6.17317219137342
FA 22:4	-0.0415549957220994	-0.20530517737399	-0.143900638076767	0.887682397636775	0.946325472915961	-6.17474495005207
TG 52:1-FA20:1	-0.0407029130113512	-0.727763141693095	-0.143873348036687	0.887703540965414	0.946325472915961	-6.17474898294785
TG 50:3-FA16:1	0.0323871943119019	4.98407063661406	0.14080365764401	0.890082389140616	0.946534028452356	-6.17519775194966
FA 22:2	-0.0429913774208623	-0.105257133611793	-0.138858180308764	0.891590603588966	0.946534028452356	-6.17547717275396
TG 49:0-FA15:0	0.0302083362487163	-3.4542895710103	0.137137356502383	0.892925021531161	0.946534028452356	-6.17572109683998
FA 16:1	-0.0423706649367111	4.23578365951442	-0.134861463148831	0.894690387572098	0.946629342655871	-6.17603904276026
FA 24:0	-0.0353112408355088	1.2340580626328	-0.130078414839075	0.898402386463701	0.948780090377553	-6.17668994782847
PC 16:0_16:0	0.0218918977796848	5.45933597153113	0.122583145504967	0.904224216410941	0.952973045287242	-6.17766279428361
TG 58:8-FA18:1	0.0264772503281989	2.71019804139921	0.120625091566562	0.905746062511945	0.952973045287242	-6.17790745263895
TG 58:7-FA22:6	-0.0217960418514649	0.977295175465606	-0.111988576341794	0.912463083334254	0.95825584030456	-6.17893967210137
TG 52:3-FA20:2	0.0228610608041432	-0.901207518042678	0.104972428860253	0.917925023983627	0.962203411040351	-6.17972190691326
TG 49:2-FA17:0	-0.016134164308291	-2.84391711904768	-0.0967682434457773	0.924317283486442	0.967109750314518	-6.18057253221784
TG 51:3-FA17:0	0.0170191931288725	-1.1710788228475	0.0884834846202579	0.930777845689063	0.972069284314826	-6.18136140021996
LPC 15:0	-0.0186057257196166	-0.0515949997224815	-0.0841783008883165	0.934137120154166	0.973777625252959	-6.18174350973907
TG 46:2-FA14:0	0.0185606850488265	-1.57157777679309	0.0775671902277832	0.939298197012157	0.977354477554086	-6.18229322346011
TG 48:2-FA14:0	0.016438076261948	1.92070427783309	0.0740960963984493	0.942009118180579	0.978373440757403	-6.1825638704624
TG 47:1-FA16:0	0.0120373353266361	-2.03783672800004	0.0690584937354409	0.945944802789098	0.979039110437886	-6.18293464189274
TG 54:6-FA16:1	0.0146769651054041	0.634387516734384	0.0688398287780317	0.946115671325816	0.979039110437886	-6.18295014531928
TG 48:2-FA18:2	-0.0184307816874735	1.3438652577539	-0.0638708180220686	0.949999268157947	0.981260670035174	-6.18328920539228
TG 52:3-FA20:1	0.0109049796001463	-0.873626839157354	0.0581796705829487	0.954448879492134	0.984057695096817	-6.18364636533431
TG 47:1-FA15:0	0.00895792553037798	-2.87585134536822	0.0504305648858958	0.960510013349128	0.987976770778661	-6.18407914931839
PG 18:1_18:2	0.0236981581709207	-1.69408708086455	0.0485125976736542	0.962010601254118	0.987976770778661	-6.18417673652763
TG 56:4-FA20:3	-0.00699396736598659	-1.49338738298864	-0.0426367511693163	0.966608680116257	0.987976770778661	-6.18445216064409
TG 54:4-FA22:1	-0.0067610168352983	-2.26022926856877	-0.0387204265687732	0.969674053868082	0.987976770778661	-6.18461601827199
TG 56:1-FA16:0	-0.00860330788551786	-1.72591319431283	-0.0358894155382661	0.97189024782376	0.987976770778661	-6.18472464546855
TG 46:1-FA18:1	0.00527211861739384	-2.93559846303715	0.0293719711826201	0.976993171202633	0.987976770778661	-6.18494339396083
TG 56:6-FA18:1	0.00495915548935303	2.73042379932215	0.0283618190093923	0.977784183551248	0.987976770778661	-6.18497338809477
FA 12:0	0.00565327054837632	1.71646476616045	0.0283488376707879	0.977794348911653	0.987976770778661	-6.18497376671568
FA 20:2	-0.00796079058270815	0.0914473869739794	-0.0274998537201017	0.97845917556408	0.987976770778661	-6.18499815233068
TG 56:4-FA18:0	-0.00393454780011424	-0.98398298697398	-0.0259292881187945	0.979689105559914	0.987976770778661	-6.18504130997065
TG 50:2-FA16:0	-0.00491017414791758	6.07809440436145	-0.0257813641660691	0.979804949518482	0.987976770778661	-6.18504524405298
TG 54:4-FA20:1	0.00422582729860225	0.667353685646928	0.0244239855557162	0.980867977730644	0.987976770778661	-6.1850802931779
FA 20:1	0.00665859999699283	1.62863683404997	0.0242780808699934	0.980982244967839	0.987976770778661	-6.1850839478133
TG 56:4-FA16:0	-0.00451337371939591	-1.68218253469097	-0.0196490228476395	0.984607766310428	0.989863679653722	-6.18518852961285
TG 56:3-FA18:0	-0.00300060006814606	-0.807380674092135	-0.0129151275141177	0.989882425204445	0.993398881421868	-6.18530131271457
TG 54:4-FA16:0	-0.00205369138374636	2.19398616763596	-0.0106013509849427	0.99169493252246	0.993453256870904	-6.18532929841345
TG 58:8-FA22:6	-0.000414018917259859	4.22010447368988	-0.00184264599884986	0.998556448348545	0.998556448348545	-6.18538535736374
